8419.8160 0.0052 -0.0030
8419.8330 -0.0043 0.0043
8419.8500 -0.0055 0.0001
8419.8670 0.0253 -0.0187
8419.8840 -0.0087 -0.0008
8419.9010 0.0023 0.0081
8419.9180 0.0047 0.0094
8419.9350 -0.0128 0.0082
8419.9520 -0.0014 -0.0109
8419.9690 -0.0019 0.0071
8419.9860 -0.0033 0.0014
8420.0030 -0.0029 -0.0038
8420.0200 0.0079 -0.0062
8420.0370 -0.0080 0.0156
8420.0540 0.0093 0.0058
8420.0710 0.0020 0.0203
8420.0880 -0.0001 0.0002
8420.1050 0.0084 0.0036
8420.1220 -0.0109 0.0206
8420.1390 -0.0058 -0.0023
8420.1560 0.0114 0.0094
8420.1730 -0.0086 -0.0076
8420.1900 0.0029 0.0233
8420.2070 -0.0098 -0.0076
8420.2240 -0.0119 0.0079
8420.2410 0.0015 0.0041
8420.2580 -0.0141 -0.0040
8420.2750 0.0063 -0.0111
8420.2920 0.0023 -0.0154
8420.3090 0.0026 0.0075
8420.3260 -0.0082 0.0156
8420.3430 0.0251 0.0004
8420.3600 -0.0118 0.0030
8420.3770 0.0153 0.0109
8420.3940 -0.0019 -0.0119
8420.4110 0.0116 0.0080
8420.4280 -0.0096 -0.0130
8420.4450 0.0058 0.0164
8420.4620 -0.0112 -0.0086
8420.4790 0.0166 -0.0118
8420.4960 0.0051 -0.0039
8420.5130 0.0014 0.0264
8420.5300 0.0231 0.0076
