8422.8590 0.0060 0.0026
8422.8760 0.0048 -0.0021
8422.8930 0.0012 -0.0049
8422.9100 0.0120 -0.0016
8422.9270 -0.0056 -0.0113
8422.9440 -0.0055 0.0268
8422.9610 -0.0021 0.0117
8422.9780 -0.0247 0.0076
8422.9950 -0.0041 -0.0146
8423.0120 -0.0082 0.0023
8423.0290 0.0118 0.0067
8423.0460 -0.0077 -0.0223
8423.0630 0.0063 -0.0001
8423.0800 0.0077 -0.0037
8423.0970 -0.0110 0.0088
8423.1140 0.0051 -0.0211
8423.1310 0.0141 0.0151
8423.1480 0.0062 -0.0034
8423.1650 0.0134 0.0087
8423.1820 0.0004 0.0162
8423.1990 -0.0008 -0.0205
8423.2160 -0.0079 -0.0038
8423.2330 0.0007 0.0065
8423.2500 -0.0126 0.0079
8423.2670 0.0103 -0.0016
8423.2840 -0.0069 0.0139
8423.3010 0.0031 -0.0106
8423.3180 0.0128 0.0200
8423.3350 0.0252 -0.0073
8423.3520 0.0006 0.0060
8423.3690 0.0064 0.0119
8423.3860 0.0215 -0.0090
8423.4030 -0.0117 0.0118
8423.4200 0.0117 0.0085
8423.4370 -0.0031 -0.0012
8423.4540 0.0134 -0.0131
8423.4710 -0.0031 -0.0052
8423.4880 0.0245 -0.0049
8423.5050 0.0028 0.0017
8423.5220 0.0016 -0.0001
8423.5390 -0.0011 -0.0181
8423.5560 -0.0162 0.0024
8423.5730 0.0057 -0.0245
8423.5900 -0.0023 -0.0082
8423.6070 0.0173 0.0112
8423.6240 0.0212 -0.0126
8423.6410 0.0062 0.0011
8423.6580 0.0009 0.0038
8423.6750 0.0030 0.0077
8423.6920 -0.0054 -0.0030
8423.7090 0.0047 0.0160
8423.7260 -0.0103 0.0002
8423.7430 -0.0034 0.0148
8423.7600 0.0050 -0.0146
8423.7770 0.0054 0.0044
8423.7940 0.0051 0.0026
8423.8110 -0.0054 0.0186
8423.8280 0.0030 0.0179
8423.8450 0.0086 0.0086
8423.8620 -0.0011 -0.0158
8423.8790 -0.0091 -0.0034
8423.8960 -0.0133 -0.0126
8423.9130 0.0089 -0.0061
8423.9300 0.0033 -0.0041
8423.9470 0.0076 0.0037
8423.9640 0.0002 0.0053
8423.9810 0.0073 0.0048
8423.9980 0.0196 0.0040
8424.0150 -0.0033 -0.0019
8424.0320 0.0181 0.0044
8424.0490 -0.0036 0.0062
8424.0660 0.0161 0.0002
8424.0830 0.0195 0.0044
8424.1000 -0.0144 -0.0091
8424.1170 0.0051 -0.0138
8424.1340 0.0040 -0.0053
8424.1510 -0.0027 0.0146
8424.1680 0.0073 0.0002
8424.1850 -0.0158 0.0190
8424.2020 0.0133 0.0106
8424.2190 -0.0025 0.0023
8424.2360 -0.0087 0.0087
8424.2530 0.0142 -0.0131
8424.2700 -0.0050 0.0023
8424.2870 0.0046 0.0137
8424.3040 -0.0168 0.0018
8424.3210 -0.0024 -0.0030
8424.3380 0.0020 -0.0064
8424.3550 0.0072 -0.0082
8424.3720 -0.0173 0.0009
8424.3890 0.0050 0.0166
8424.4060 -0.0121 -0.0123
8424.4230 -0.0058 -0.0144
8424.4400 -0.0149 -0.0015
8424.4570 0.0027 0.0071
8424.4740 -0.0068 -0.0124
8424.4910 0.0005 -0.0132
8424.5080 0.0118 -0.0072
8424.5250 -0.0088 -0.0065
8424.5420 -0.0022 -0.0103
8424.5590 0.0096 0.0001
8424.5760 -0.0247 -0.0060
8424.5930 0.0053 0.0174
8424.6100 0.0154 -0.0136
8424.6270 0.0115 -0.0051
8424.6440 -0.0037 -0.0013
8424.6610 -0.0111 0.0076
8424.6780 -0.0025 -0.0022
8424.6950 -0.0008 -0.0234
