8422.8490 1.3974
8422.8980 1.4027
8422.9490 1.3963
8422.9990 1.4003
8423.0470 1.4002
8423.0990 1.3959
8423.1460 1.3953
8423.1990 1.3973
8423.2490 1.4007
8423.2990 1.3963
8423.3500 1.3929
8423.3980 1.4029
8423.4470 1.4011
8423.4980 1.4017
8423.5490 1.3957
8423.5980 1.4019
8423.6460 1.3925
8423.6960 1.3978
8423.7490 1.3995
8423.8000 1.4005
8423.8490 1.3988
8423.8980 1.3968
8423.9490 1.3958
8423.9990 1.3935
8424.0480 1.4019
8424.0990 1.4045
8424.1490 1.3990
8424.1980 1.3964
8424.2480 1.3961
8424.2980 1.4023
8424.3500 1.3974
8424.3980 1.3939
8424.4490 1.4019
8424.4980 1.3953
8424.5490 1.3954
8424.6080 1.3972
8424.6570 1.3927
