8693.8730 -0.0052 0.0114
8693.8900 0.0029 0.0064
8693.9070 0.0026 0.0150
8693.9240 -0.0047 -0.0099
8693.9410 -0.0069 0.0013
8693.9580 0.0020 0.0043
8693.9750 -0.0025 0.0010
8693.9920 -0.0065 0.0093
8694.0090 -0.0093 0.0072
8694.0260 0.0036 0.0103
8694.0430 0.0025 -0.0092
8694.0600 0.0139 -0.0017
8694.0770 0.0196 -0.0051
8694.0940 -0.0081 -0.0032
8694.1110 -0.0069 0.0015
8694.1280 0.0051 0.0007
8694.1450 0.0039 -0.0053
8694.1620 0.0194 -0.0092
8694.1790 -0.0115 0.0049
8694.1960 -0.0331 0.0719
8694.2130 -0.0152 0.0983
8694.2300 -0.0123 0.0226
8694.2470 0.0051 -0.0514
8694.2640 -0.0102 -0.0172
8694.2810 0.0247 -0.0457
8694.2980 -0.0043 -0.0051
8694.3150 0.0102 -0.0880
8694.3320 0.0024 -0.1977
8694.3490 0.0081 -0.2645
8694.3660 0.0048 -0.2854
8694.3830 -0.0237 -0.2697
8694.4000 0.0085 -0.2477
8694.4170 0.0044 -0.2418
8694.4340 0.0066 -0.2533
8694.4510 -0.0062 -0.3088
8694.4680 0.0168 -0.3694
8694.4850 0.0225 -0.4703
8694.5020 0.0271 -0.5343
8694.5190 0.0259 -0.5028
8694.5360 0.0382 -0.6247
8694.5530 0.0169 -0.7731
8694.5700 0.0048 -0.9449
8694.5870 0.0290 -0.9840
8694.6040 0.0683 -0.9828
8694.6210 0.0651 -0.9658
8694.6380 0.0950 -0.9580
8694.6550 0.0963 -0.9898
8694.6720 0.1235 -0.9724
8694.6890 0.1736 -0.9539
8694.7060 0.1754 -0.9797
8694.7230 0.2197 -0.8116
8694.7400 0.2803 -0.7079
8694.7570 0.2949 -0.6782
8694.7740 0.3047 -0.6823
8694.7910 0.3116 -0.6596
8694.8080 0.3751 -0.6476
8694.8250 0.3742 -0.5930
8694.8420 0.3783 -0.5766
8694.8590 0.3978 -0.5904
8694.8760 0.4177 -0.5711
8694.8930 0.4157 -0.5745
8694.9100 0.4392 -0.5855
8694.9270 0.4453 -0.5768
8694.9440 0.4731 -0.5729
8694.9610 0.4904 -0.5694
8694.9780 0.4929 -0.5836
8694.9950 0.4902 -0.6135
8695.0120 0.5236 -0.6021
8695.0290 0.5342 -0.5940
8695.0460 0.5611 -0.5530
8695.0630 0.5704 -0.5486
8695.0800 0.5732 -0.5650
8695.0970 0.5852 -0.5614
8695.1140 0.6065 -0.5788
8695.1310 0.6024 -0.5821
8695.1480 0.6216 -0.5607
8695.1650 0.6464 -0.5700
8695.1820 0.6406 -0.5693
8695.1990 0.6595 -0.5826
8695.2160 0.6860 -0.4586
8695.2330 0.6783 -0.5024
8695.2500 0.6727 -0.5326
8695.2670 0.6679 -0.6208
8695.2840 0.6704 -0.7395
8695.3010 0.6575 -0.8660
8695.3180 0.7022 -0.8210
8695.3350 0.7569 -0.6021
8695.3520 0.7960 -0.5336
8695.3690 0.8085 -0.5516
8695.3860 0.8030 -0.5313
8695.4030 0.8241 -0.4873
8695.4200 0.8410 -0.4915
8695.4370 0.8502 -0.5341
8695.4540 0.8622 -0.4923
8695.4710 0.8936 -0.4741
8695.4880 0.8873 -0.4831
8695.5050 0.8829 -0.5384
8695.5220 0.9327 -0.3876
8695.5390 0.9477 -0.3962
8695.5560 0.9471 -0.3793
8695.5730 0.9308 -0.3733
8695.5900 0.9492 -0.3572
8695.6070 0.9835 -0.3448
8695.6240 0.9667 -0.3821
8695.6410 0.9683 -0.4211
8695.6580 0.9750 -0.4110
8695.6750 1.0045 -0.3677
8695.6920 1.0167 -0.3189
8695.7090 1.0141 -0.3130
8695.7260 0.9925 -0.2545
8695.7430 0.9486 -0.2409
8695.7600 0.9258 -0.3462
8695.7770 0.9067 -0.5294
8695.7940 0.8540 -0.6826
8695.8110 0.8261 -0.8803
8695.8280 0.7811 -0.9675
8695.8450 0.7383 -1.1512
8695.8620 0.7361 -1.2821
8695.8790 0.7119 -1.4021
8695.8960 0.7404 -1.4441
8695.9130 0.7265 -1.3898
8695.9300 0.7281 -1.4367
8695.9470 0.7372 -1.4961
8695.9640 0.7561 -1.5304
8695.9810 0.7739 -1.5294
8695.9980 0.7752 -1.5366
8696.0150 0.8000 -1.4967
8696.0320 0.8166 -1.3922
8696.0490 0.8616 -1.4229
8696.0660 0.8726 -1.4901
8696.0830 0.9485 -1.5660
8696.1000 0.9866 -1.5145
8696.1170 1.0868 -1.4514
8696.1340 1.1688 -1.2988
8696.1510 1.2542 -1.0427
8696.1680 1.3203 -0.7216
8696.1850 1.4023 -0.4279
8696.2020 1.4423 -0.2138
8696.2190 1.4311 -0.2344
8696.2360 1.4347 -0.2018
8696.2530 1.3886 -0.0354
8696.2700 1.3228 0.0526
8696.2870 1.3186 0.0293
8696.3040 1.2923 -0.0111
8696.3210 1.2640 0.0695
8696.3380 1.1811 0.1199
8696.3550 1.1224 0.1145
8696.3720 1.0711 0.0890
8696.3890 1.0344 -0.0271
8696.4060 0.9851 -0.0207
8696.4230 0.9227 0.0014
8696.4400 0.8682 0.0103
8696.4570 0.8162 0.0022
8696.4740 0.7861 0.0010
8696.4910 0.7521 -0.0164
8696.5080 0.7358 -0.0054
8696.5250 0.7095 -0.0646
8696.5420 0.6949 -0.1029
8696.5590 0.7225 -0.0010
8696.5760 0.7391 0.0022
8696.5930 0.8066 0.0030
8696.6100 0.8560 0.0013
8696.6270 0.9103 -0.0018
8696.6440 0.9534 -0.0783
8696.6610 0.9767 -0.1642
8696.6780 1.0081 -0.2530
8696.6950 1.0125 -0.3374
8696.7120 1.0358 -0.4340
8696.7290 1.0378 -0.4807
8696.7460 1.0070 -0.4282
8696.7630 1.0154 -0.4299
8696.7800 1.0098 -0.4431
8696.7970 1.0249 -0.4997
8696.8140 1.0565 -0.5518
8696.8310 1.0834 -0.6135
8696.8480 1.1117 -0.7162
8696.8650 1.1373 -0.8174
8696.8820 1.1493 -0.9883
8696.8990 1.1534 -1.1577
8696.9160 1.1329 -1.2829
8696.9330 1.1393 -1.3035
8696.9500 1.1288 -1.3534
8696.9670 1.1156 -1.3701
8696.9840 1.1221 -1.3652
8697.0010 1.1355 -1.3407
8697.0180 1.1502 -1.3654
8697.0350 1.1446 -1.3338
8697.0520 1.1700 -1.2936
8697.0690 1.1685 -1.3165
8697.0860 1.1508 -1.3038
8697.1030 1.1703 -1.3185
8697.1200 1.1893 -1.1257
8697.1370 1.1698 -0.8884
8697.1540 1.1734 -0.7970
8697.1710 1.1579 -0.7062
8697.1880 1.1944 -0.6455
8697.2050 1.1639 -0.4412
8697.2220 1.1630 -0.2118
8697.2390 1.2021 -0.1063
8697.2560 1.2393 0.0048
8697.2730 1.3133 0.0007
8697.2900 1.4068 0.0171
8697.3070 1.4017 0.0889
8697.3240 1.3549 0.1336
8697.3410 1.3203 0.1435
8697.3580 1.2870 0.1882
8697.3750 1.2642 0.2683
8697.3920 1.2451 0.3497
8697.4090 1.2440 0.3954
8697.4260 1.2593 0.3819
8697.4430 1.3222 0.3074
8697.4600 1.3770 0.3102
8697.4770 1.4046 0.3502
8697.4940 1.4507 0.3771
8697.5110 1.4513 0.3701
8697.5280 1.4450 0.3877
8697.5450 1.4582 0.3861
8697.5620 1.4380 0.3513
8697.5790 1.4356 0.3158
8697.5960 1.4226 0.3112
8697.6130 1.4425 0.3252
8697.6300 1.4528 0.3622
8697.6470 1.4445 0.3523
8697.6640 1.4694 0.2998
8697.6810 1.4960 0.2275
8697.6980 1.5090 0.2334
8697.7150 1.4631 0.3054
8697.7320 1.4546 0.3834
8697.7490 1.4501 0.3879
8697.7660 1.4468 0.3414
8697.7830 1.4359 0.2998
8697.8000 1.4327 0.2903
8697.8170 1.4404 0.3113
8697.8340 1.4497 0.3492
8697.8510 1.4618 0.3914
8697.8680 1.4829 0.3318
8697.8850 1.4971 0.2795
8697.9020 1.4931 0.2372
8697.9190 1.4877 0.2374
8697.9360 1.4976 0.2559
8697.9530 1.4824 0.2435
8697.9700 1.4749 0.1816
8697.9870 1.4618 0.1519
8698.0040 1.4630 0.1486
8698.0210 1.4116 0.0565
8698.0380 1.3333 -0.0289
8698.0550 1.2477 -0.0154
8698.0720 1.1692 -0.0132
8698.0890 1.1179 0.0321
8698.1060 1.1051 0.0771
8698.1230 1.1627 0.1877
8698.1400 1.2152 0.1435
8698.1570 1.2853 0.0501
8698.1740 1.3366 0.0269
8698.1910 1.3347 0.0046
8698.2080 1.3484 -0.0080
8698.2250 1.3744 0.0137
8698.2420 1.3961 0.0309
8698.2590 1.3963 0.0434
8698.2760 1.4036 0.0732
8698.2930 1.4236 0.1627
8698.3100 1.4413 0.2548
8698.3270 1.4814 0.3558
8698.3440 1.4850 0.3911
8698.3610 1.4706 0.3898
8698.3780 1.4471 0.3900
8698.3950 1.4670 0.4001
8698.4120 1.4733 0.4122
8698.4290 1.4489 0.3736
8698.4460 1.4851 0.3604
8698.4630 1.4611 0.3885
8698.4800 1.4770 0.3890
8698.4970 1.4913 0.3865
8698.5140 1.4636 0.4049
8698.5310 1.4883 0.4024
8698.5480 1.4959 0.4026
8698.5650 1.4479 0.3632
8698.5820 1.4812 0.3734
8698.5990 1.4790 0.3640
8698.6160 1.4724 0.3703
8698.6330 1.4589 0.3798
8698.6500 1.4833 0.3584
8698.6670 1.4832 0.3938
8698.6840 1.4834 0.3904
8698.7010 1.4638 0.3765
8698.7180 1.4776 0.4091
8698.7350 1.4691 0.3730
8698.7520 1.4642 0.3668
8698.7690 1.4797 0.3769
8698.7860 1.4632 0.3587
8698.8030 1.4609 0.3479
8698.8200 1.4558 0.3687
8698.8370 1.4712 0.3474
8698.8540 1.4868 0.3425
8698.8710 1.4695 0.3442
8698.8880 1.4495 0.3667
8698.9050 1.4567 0.3653
8698.9220 1.4488 0.3814
8698.9390 1.4723 0.3848
8698.9560 1.4633 0.3529
8698.9730 1.4655 0.3646
8698.9900 1.4427 0.3296
8699.0070 1.4503 0.3161
8699.0240 1.4553 0.3303
8699.0410 1.4517 0.3612
8699.0580 1.4668 0.3102
8699.0750 1.4703 0.2600
8699.0920 1.4609 0.2911
8699.1090 1.4462 0.3566
8699.1260 1.4456 0.3767
8699.1430 1.4423 0.3721
8699.1600 1.4333 0.3568
8699.1770 1.4201 0.3316
8699.1940 1.3989 0.3037
8699.2110 1.4029 0.2943
8699.2280 1.4196 0.3149
8699.2450 1.4165 0.3527
8699.2620 1.4217 0.3233
8699.2790 1.4370 0.2701
8699.2960 1.4364 0.1890
8699.3130 1.4451 0.2493
8699.3300 1.4012 0.3242
8699.3470 1.4186 0.3702
8699.3640 1.4150 0.3498
8699.3810 1.3943 0.3286
8699.3980 1.3889 0.2807
8699.4150 1.3957 0.1181
8699.4320 1.4042 -0.1774
8699.4490 1.3815 -0.2044
8699.4660 1.3946 -0.2042
8699.4830 1.3865 -0.2152
8699.5000 1.3781 -0.1772
8699.5170 1.3884 0.0497
8699.5340 1.4129 0.2076
8699.5510 1.4028 0.3422
8699.5680 1.4174 0.3587
8699.5850 1.4001 0.3646
8699.6020 1.3676 0.3118
8699.6190 1.3787 0.3091
8699.6360 1.3643 0.3147
8699.6530 1.3962 0.3685
8699.6700 1.3860 0.3796
8699.6870 1.3797 0.3152
8699.7040 1.3882 0.2835
8699.7210 1.3967 0.2343
8699.7380 1.3827 0.2597
8699.7550 1.3962 0.3575
8699.7720 1.3688 0.3829
8699.7890 1.3719 0.3416
8699.8060 1.3479 0.2986
8699.8230 1.3406 0.2872
8699.8400 1.3239 0.3373
8699.8570 1.3605 0.3658
8699.8740 1.3550 0.3761
8699.8910 1.3486 0.3793
8699.9080 1.3419 0.3452
8699.9250 1.3677 0.3021
8699.9420 1.3500 0.2816
8699.9590 1.3308 0.3418
8699.9760 1.3030 0.3524
8699.9930 1.3181 0.3272
8700.0100 1.3259 0.2989
8700.0270 1.3132 0.3133
8700.0440 1.3109 0.3385
8700.0610 1.2961 0.3547
8700.0780 1.2994 0.3674
8700.0950 1.3205 0.3781
8700.1120 1.2988 0.3807
8700.1290 1.3027 0.3549
8700.1460 1.2994 0.3314
8700.1630 1.2957 0.3289
8700.1800 1.2627 0.3452
8700.1970 1.2811 0.3519
8700.2140 1.2664 0.3312
8700.2310 1.2626 0.3341
8700.2480 1.2519 0.3507
8700.2650 1.2745 0.3541
8700.2820 1.2642 0.3564
8700.2990 1.2624 0.3750
8700.3160 1.2548 0.3503
8700.3330 1.2429 0.3475
8700.3500 1.2275 0.3535
8700.3670 1.2226 0.3428
8700.3840 1.2321 0.3749
8700.4010 1.2026 0.3451
8700.4180 1.2264 0.3314
8700.4350 1.2040 0.3300
8700.4520 1.2125 0.3411
8700.4690 1.2021 0.3358
8700.4860 1.2041 0.3522
8700.5030 1.2153 0.3573
8700.5200 1.1917 0.3528
8700.5370 1.1895 0.3520
8700.5540 1.1716 0.3403
8700.5710 1.1877 0.3417
8700.5880 1.1731 0.3420
8700.6050 1.1511 0.3528
8700.6220 1.1654 0.3186
8700.6390 1.1273 0.3135
8700.6560 1.1471 0.3179
8700.6730 1.1391 0.3324
8700.6900 1.1319 0.3605
8700.7070 1.1282 0.3389
8700.7240 1.1189 0.3182
8700.7410 1.1161 0.3303
8700.7580 1.1151 0.3466
8700.7750 1.1176 0.3472
8700.7920 1.1103 0.3148
8700.8090 1.0849 0.3112
8700.8260 1.0995 0.3262
8700.8430 1.0860 0.3123
8700.8600 1.0668 0.3141
8700.8770 1.0729 0.3054
8700.8940 1.0603 0.3233
8700.9110 1.0497 0.3164
8700.9280 1.0578 0.3067
8700.9450 1.0540 0.3143
8700.9620 1.0326 0.3131
8700.9790 1.0222 0.2891
8700.9960 1.0221 0.2764
8701.0130 1.0143 0.2683
8701.0300 1.0152 0.2645
8701.0470 1.0166 0.2809
8701.0640 1.0074 0.2990
8701.0810 1.0079 0.3103
8701.0980 0.9959 0.3026
8701.1150 0.9935 0.3115
8701.1320 0.9882 0.2999
8701.1490 1.0027 0.2974
8701.1660 0.9828 0.2888
8701.1830 0.9625 0.2561
8701.2000 0.9636 0.2708
8701.2170 0.9591 0.2912
8701.2340 0.9803 0.2518
8701.2510 0.9497 0.2270
8701.2680 0.9540 0.2321
8701.2850 0.9552 0.2793
8701.3020 0.9389 0.2934
8701.3190 0.9402 0.2970
8701.3360 0.9146 0.2900
8701.3530 0.9096 0.3032
8701.3700 0.9181 0.2595
8701.3870 0.9008 0.2230
8701.4040 0.8834 0.2234
8701.4210 0.8963 0.2328
8701.4380 0.9057 0.2482
8701.4550 0.8918 0.1975
8701.4720 0.8912 0.1597
8701.4890 0.9077 0.1859
8701.5060 0.8893 0.2658
8701.5230 0.8904 0.2857
8701.5400 0.8608 0.2908
8701.5570 0.8423 0.2667
8701.5740 0.8464 0.2408
8701.5910 0.8511 0.2112
8701.6080 0.8274 0.2074
8701.6250 0.8156 0.2155
8701.6420 0.8390 0.2485
8701.6590 0.8210 0.2194
8701.6760 0.8279 0.1141
8701.6930 0.8215 0.1089
8701.7100 0.8318 0.1605
8701.7270 0.8189 0.2928
8701.7440 0.8084 0.2900
8701.7610 0.8183 0.2717
8701.7780 0.7724 0.2156
8701.7950 0.7763 0.2161
8701.8120 0.7808 0.1685
8701.8290 0.7626 0.2045
8701.8460 0.7825 0.2584
8701.8630 0.7805 0.2336
8701.8800 0.7831 0.1749
8701.8970 0.7673 0.0918
8701.9140 0.7604 0.1217
8701.9310 0.7792 0.1843
8701.9480 0.7659 0.2708
8701.9650 0.7541 0.2598
8701.9820 0.7312 0.2079
8701.9990 0.7357 0.1858
8702.0160 0.7358 0.1818
8702.0330 0.7177 0.2242
8702.0500 0.7327 0.2618
8702.0670 0.7173 0.2588
8702.0840 0.7209 0.1991
8702.1010 0.7456 0.1305
8702.1180 0.7160 0.1174
8702.1350 0.7057 0.1507
8702.1520 0.6979 0.2643
8702.1690 0.6990 0.2579
8702.1860 0.6784 0.2330
8702.2030 0.6725 0.1899
8702.2200 0.6906 0.1805
8702.2370 0.6777 0.2194
8702.2540 0.6651 0.2783
8702.2710 0.6781 0.2713
8702.2880 0.6753 0.2495
8702.3050 0.6651 0.1985
8702.3220 0.6524 0.1461
8702.3390 0.6451 0.1707
8702.3560 0.6333 0.2721
8702.3730 0.6378 0.2655
8702.3900 0.6262 0.2322
8702.4070 0.6228 0.2082
8702.4240 0.6168 0.2199
8702.4410 0.6260 0.2663
8702.4580 0.6132 0.2777
8702.4750 0.6011 0.2814
8702.4920 0.6062 0.2622
8702.5090 0.6077 0.2492
8702.5260 0.6013 0.2252
8702.5430 0.5786 0.2062
8702.5600 0.5672 0.2745
8702.5770 0.5762 0.2655
8702.5940 0.5532 0.2315
8702.6110 0.5639 0.2151
8702.6280 0.5592 0.2309
8702.6450 0.5662 0.2560
8702.6620 0.5493 0.2608
8702.6790 0.5511 0.2436
8702.6960 0.5386 0.2690
8702.7130 0.5233 0.2349
8702.7300 0.5332 0.2519
8702.7470 0.5144 0.2118
8702.7640 0.5135 0.2674
8702.7810 0.5106 0.2329
8702.7980 0.4942 0.2044
8702.8150 0.4804 0.2084
8702.8320 0.4907 0.2119
8702.8490 0.4722 0.2338
8702.8660 0.4699 0.2539
8702.8830 0.4767 0.2315
8702.9000 0.4566 0.2280
8702.9170 0.4566 0.2358
8702.9340 0.4477 0.2261
8702.9510 0.4378 0.2194
8702.9680 0.4497 0.2422
8702.9850 0.4272 0.2443
8703.0020 0.4123 0.2044
8703.0190 0.4313 0.2119
8703.0360 0.3960 0.2270
8703.0530 0.4026 0.1858
8703.0700 0.4100 0.1945
8703.0870 0.4046 0.2122
8703.1040 0.3865 0.2050
8703.1210 0.4121 0.1948
8703.1380 0.3839 0.1916
8703.1550 0.3800 0.2171
8703.1720 0.3917 0.2119
8703.1890 0.3686 0.1944
8703.2060 0.3592 0.2002
8703.2230 0.3541 0.1686
8703.2400 0.3550 0.1680
8703.2570 0.3645 0.1703
8703.2740 0.3452 0.1468
8703.2910 0.3390 0.1800
8703.3080 0.3409 0.1792
8703.3250 0.3423 0.1742
8703.3420 0.3187 0.1851
8703.3590 0.3336 0.1568
8703.3760 0.2994 0.1759
8703.3930 0.3217 0.1452
8703.4100 0.3174 0.1489
8703.4270 0.3096 0.1406
8703.4440 0.2959 0.1457
8703.4610 0.3066 0.1339
8703.4780 0.2989 0.1297
8703.4950 0.2883 0.1585
8703.5120 0.2851 0.0995
8703.5290 0.2567 0.0613
8703.5460 0.2523 -0.0012
8703.5630 0.2442 -0.0243
8703.5800 0.2233 0.0037
8703.5970 0.2206 0.0103
8703.6140 0.2007 -0.0117
8703.6310 0.2277 -0.0204
8703.6480 0.2293 0.0101
8703.6650 0.2070 -0.0097
8703.6820 0.1972 0.0083
8703.6990 0.1928 0.0090
8703.7160 0.1873 0.0049
8703.7330 0.1721 0.0005
8703.7500 0.1636 -0.0053
8703.7670 0.1685 0.0014
8703.7840 0.1575 0.0039
8703.8010 0.1516 -0.0047
8703.8180 0.1468 -0.0002
8703.8350 0.1456 -0.0064
8703.8520 0.1441 -0.0017
8703.8690 0.1448 -0.0002
8703.8860 0.0998 0.0193
8703.9030 0.1249 0.0011
8703.9200 0.1119 0.0133
8703.9370 0.1164 0.0012
8703.9540 0.1106 0.0002
8703.9710 0.1223 -0.0099
8703.9880 0.1033 -0.0078
8704.0050 0.0863 0.0079
8704.0220 0.0653 -0.0054
8704.0390 0.0504 0.0015
8704.0560 0.0661 -0.0080
8704.0730 0.0548 0.0044
8704.0900 0.0563 0.0238
8704.1070 0.0638 -0.0031
8704.1240 0.0303 0.0022
8704.1410 0.0373 -0.0195
8704.1580 0.0219 -0.0101
8704.1750 0.0131 -0.0113
8704.1920 0.0206 -0.0086
8704.2090 0.0169 0.0083
8704.2260 0.0012 -0.0067
8704.2430 -0.0086 0.0016
8704.2600 0.0008 -0.0077
8704.2770 -0.0169 -0.0027
8704.2940 -0.0166 -0.0031
8704.3110 0.0041 -0.0053
8704.3280 -0.0095 -0.0010
8704.3450 0.0102 0.0048
8704.3620 0.0012 -0.0083
8704.3790 -0.0115 0.0121
8704.3960 0.0073 -0.0066
8704.4130 0.0089 0.0003
8704.4300 0.0002 -0.0094
8704.4470 -0.0135 -0.0126
8704.4640 -0.0074 0.0166
8704.4810 -0.0075 0.0182
8704.4980 -0.0115 -0.0067
8704.5150 -0.0138 -0.0105
8704.5320 -0.0069 0.0156
8704.5490 -0.0175 -0.0164
8704.5660 0.0297 -0.0064
8704.5830 0.0047 -0.0095
8704.6000 0.0143 -0.0004
8704.6170 -0.0133 0.0056
8704.6340 -0.0040 0.0096
8704.6510 0.0046 0.0086
8704.6680 0.0149 0.0064
8704.6850 0.0011 0.0003
8704.7020 -0.0154 -0.0032
8704.7190 0.0162 -0.0125
8704.7360 -0.0002 -0.0003
8704.7530 -0.0031 -0.0036
8704.7700 -0.0108 0.0073
8704.7870 0.0078 0.0106
8704.8040 -0.0096 0.0002
8704.8210 -0.0053 0.0052
8704.8380 0.0189 0.0046
8704.8550 -0.0010 0.0027
8704.8720 0.0095 0.0041
8704.8890 -0.0084 -0.0131
8704.9060 0.0054 0.0010
8704.9230 -0.0033 -0.0058
8704.9400 0.0070 -0.0143
8704.9570 0.0199 0.0072
8704.9740 -0.0141 -0.0154
8704.9910 0.0050 -0.0102
8705.0080 0.0115 -0.0035
8705.0250 -0.0007 -0.0056
8705.0420 -0.0020 -0.0099
8705.0590 0.0062 0.0021
8705.0760 -0.0127 0.0204
8705.0930 -0.0008 0.0028
8705.1100 -0.0023 -0.0146
8705.1270 -0.0002 -0.0120
8705.1440 0.0137 0.0058
8705.1610 0.0098 -0.0135
8705.1780 0.0062 0.0056
8705.1950 -0.0136 0.0109
8705.2120 0.0101 0.0144
8705.2290 -0.0031 0.0033
8705.2460 -0.0010 0.0059
8705.2630 0.0242 -0.0083
8705.2800 0.0067 -0.0049
8705.2970 -0.0047 -0.0082
8705.3140 0.0087 0.0012
8705.3310 -0.0206 0.0015
8705.3480 0.0160 -0.0031
8705.3650 -0.0126 0.0172
8705.3820 -0.0038 0.0087
8705.3990 0.0055 -0.0058
8705.4160 0.0079 0.0014
8705.4330 0.0070 -0.0047
8705.4500 -0.0111 -0.0164
8705.4670 -0.0172 0.0082
8705.4840 -0.0082 0.0135
8705.5010 0.0040 0.0140
8705.5180 0.0041 0.0059
8705.5350 -0.0132 0.0074
8705.5520 -0.0083 0.0024
8705.5690 0.0030 0.0186
8705.5860 -0.0096 -0.0069
8705.6030 0.0030 0.0067
8705.6200 0.0246 0.0021
8705.6370 0.0102 -0.0029
8705.6540 0.0119 0.0078
8705.6710 0.0053 0.0064
8705.6880 -0.0067 -0.0084
8705.7050 0.0003 0.0102
8705.7220 -0.0108 -0.0008
8705.7390 -0.0084 0.0137
8705.7560 0.0019 0.0033
8705.7730 -0.0110 -0.0045
8705.7900 0.0094 0.0030
8705.8070 -0.0060 0.0010
8705.8240 0.0148 -0.0134
8705.8410 -0.0107 0.0146
8705.8580 -0.0185 0.0029
8705.8750 0.0145 -0.0032
8705.8920 0.0067 -0.0056
8705.9090 -0.0111 -0.0060
8705.9260 -0.0131 0.0094
8705.9430 0.0067 -0.0033
8705.9600 0.0129 0.0031
8705.9770 0.0075 -0.0145
8705.9940 -0.0073 0.0153
8706.0110 0.0063 0.0089
8706.0280 0.0045 0.0013
8706.0450 -0.0035 0.0006
8706.0620 -0.0139 -0.0056
8706.0790 -0.0053 -0.0199
8706.0960 -0.0017 -0.0121
8706.1130 0.0083 -0.0126
8706.1300 -0.0102 0.0078
8706.1470 0.0146 -0.0063
8706.1640 0.0010 -0.0105
8706.1810 0.0064 -0.0127
8706.1980 0.0069 -0.0059
8706.2150 0.0006 -0.0058
8706.2320 0.0125 -0.0285
8706.2490 0.0104 0.0144
8706.2660 -0.0024 -0.0065
8706.2830 -0.0123 -0.0072
8706.3000 -0.0083 -0.0156
8706.3170 -0.0121 0.0096
8706.3340 0.0025 0.0015
8706.3510 0.0107 0.0124
8706.3680 0.0030 0.0072
8706.3850 0.0050 -0.0049
8706.4020 0.0092 -0.0013
8706.4190 0.0090 0.0202
8706.4360 -0.0059 0.0026
8706.4530 0.0002 0.0029
8706.4700 -0.0077 0.0093
8706.4870 -0.0082 0.0030
8706.5040 -0.0021 0.0163
8706.5210 -0.0103 0.0072
8706.5380 -0.0057 -0.0009
8706.5550 -0.0013 0.0135
8706.5720 -0.0025 -0.0067
8706.5890 0.0013 0.0071
8706.6060 -0.0132 0.0013
8706.6230 0.0110 -0.0048
8706.6400 0.0091 -0.0032
8706.6570 0.0133 -0.0150
8706.6740 0.0070 0.0024
8706.6910 -0.0098 -0.0050
8706.7080 0.0118 -0.0019
8706.7250 0.0006 -0.0148
8706.7420 0.0100 -0.0071
8706.7590 -0.0149 0.0167
8706.7760 -0.0240 0.0227
8706.7930 -0.0011 -0.0102
8706.8100 0.0118 -0.0052
8706.8270 -0.0091 0.0026
8706.8440 -0.0044 0.0035
8706.8610 -0.0071 -0.0131
8706.8780 0.0044 0.0044
8706.8950 -0.0066 -0.0047
8706.9120 0.0215 -0.0007
8706.9290 0.0001 -0.0135
8706.9460 0.0237 0.0079
8706.9630 0.0130 0.0055
8706.9800 -0.0088 0.0100
8706.9970 -0.0180 -0.0124
8707.0140 -0.0132 -0.0001
8707.0310 -0.0093 0.0014
8707.0480 0.0043 0.0055
8707.0650 -0.0034 0.0008
8707.0820 0.0010 0.0181
8707.0990 -0.0046 0.0030
8707.1160 -0.0050 0.0097
8707.1330 0.0049 0.0013
8707.1500 -0.0197 0.0027
8707.1670 0.0059 0.0078
8707.1840 0.0123 0.0076
8707.2010 0.0024 0.0256
8707.2180 -0.0161 0.0073
8707.2350 0.0054 0.0008
8707.2520 0.0052 0.0006
8707.2690 0.0006 -0.0031
8707.2860 0.0105 -0.0201
8707.3030 -0.0145 0.0081
8707.3200 -0.0132 0.0128
8707.3370 -0.0047 -0.0032
8707.3540 0.0039 0.0120
8707.3710 -0.0146 -0.0137
8707.3880 0.0111 0.0178
8707.4050 -0.0118 -0.0180
8707.4220 0.0212 0.0102
8707.4390 -0.0031 0.0132
8707.4560 -0.0011 0.0005
8707.4730 -0.0066 0.0137
8707.4900 -0.0087 0.0079
8707.5070 0.0024 -0.0069
8707.5240 -0.0181 -0.0126
8707.5410 0.0039 0.0065
8707.5580 -0.0013 0.0115
8707.5750 0.0029 0.0048
8707.5920 -0.0040 0.0160
8707.6090 -0.0004 0.0008
8707.6260 0.0117 0.0024
8707.6430 -0.0014 0.0008
8707.6600 0.0055 0.0042
8707.6770 -0.0122 0.0140
8707.6940 0.0065 0.0027
8707.7110 -0.0052 -0.0004
8707.7280 0.0056 -0.0219
8707.7450 0.0042 -0.0164
8707.7620 -0.0089 -0.0032
8707.7790 -0.0113 0.0018
8707.7960 0.0030 -0.0213
8707.8130 0.0017 -0.0027
8707.8300 0.0115 -0.0062
8707.8470 0.0063 0.0029
8707.8640 -0.0015 0.0008
8707.8810 -0.0094 -0.0204
8707.8980 -0.0005 -0.0243
8707.9150 0.0029 0.0066
8707.9320 -0.0097 0.0118
8707.9490 0.0049 -0.0148
8707.9660 0.0136 0.0029
8707.9830 -0.0053 -0.0028
8708.0000 -0.0049 -0.0156
8708.0170 -0.0110 0.0114
8708.0340 -0.0143 -0.0100
8708.0510 0.0023 -0.0052
8708.0680 0.0009 0.0029
8708.0850 -0.0077 -0.0009
8708.1020 -0.0096 -0.0043
8708.1190 -0.0202 -0.0001
8708.1360 0.0055 -0.0069
8708.1530 0.0031 -0.0094
8708.1700 0.0056 -0.0084
8708.1870 0.0132 0.0115
8708.2040 0.0039 0.0053
8708.2210 -0.0043 0.0171
8708.2380 -0.0053 -0.0031
8708.2550 -0.0055 -0.0064
8708.2720 -0.0075 0.0062
8708.2890 0.0035 0.0093
8708.3060 -0.0039 0.0037
8708.3230 0.0016 0.0003
8708.3400 -0.0027 -0.0068
8708.3570 -0.0114 -0.0085
8708.3740 -0.0126 0.0064
8708.3910 -0.0058 -0.0082
8708.4080 -0.0078 -0.0008
8708.4250 0.0098 -0.0000
8708.4420 -0.0066 -0.0015
8708.4590 -0.0147 -0.0023
8708.4760 -0.0087 -0.0179
8708.4930 -0.0042 -0.0162
8708.5100 0.0110 -0.0082
8708.5270 -0.0137 -0.0141
8708.5440 -0.0035 0.0024
8708.5610 -0.0060 0.0110
8708.5780 -0.0012 0.0179
8708.5950 0.0104 -0.0039
8708.6120 -0.0058 -0.0038
8708.6290 0.0007 -0.0066
8708.6460 -0.0048 -0.0089
8708.6630 0.0139 -0.0023
8708.6800 -0.0019 -0.0044
8708.6970 0.0235 0.0052
8708.7140 -0.0098 -0.0118
8708.7310 0.0113 0.0034
8708.7480 -0.0042 0.0137
8708.7650 0.0125 0.0117
8708.7820 -0.0040 -0.0161
8708.7990 -0.0122 0.0093
8708.8160 -0.0047 -0.0013
8708.8330 -0.0007 -0.0097
8708.8500 0.0013 -0.0081
8708.8670 0.0114 -0.0158
8708.8840 0.0045 0.0096
8708.9010 0.0021 -0.0063
8708.9180 -0.0057 -0.0112
8708.9350 0.0100 0.0129
8708.9520 0.0114 -0.0023
8708.9690 0.0078 0.0035
8708.9860 -0.0204 -0.0077
8709.0030 -0.0071 -0.0025
8709.0200 -0.0016 -0.0162
8709.0370 0.0227 -0.0004
8709.0540 0.0019 0.0133
8709.0710 0.0082 0.0105
8709.0880 0.0103 0.0196
8709.1050 -0.0025 0.0204
8709.1220 0.0082 0.0121
8709.1390 -0.0185 0.0046
8709.1560 -0.0091 0.0170
8709.1730 -0.0047 -0.0072
8709.1900 0.0156 0.0075
8709.2070 -0.0045 0.0109
8709.2240 0.0014 0.0008
8709.2410 0.0121 -0.0165
8709.2580 -0.0038 0.0100
8709.2750 -0.0130 -0.0110
8709.2920 0.0039 -0.0094
8709.3090 0.0000 0.0019
8709.3260 -0.0091 0.0020
8709.3430 -0.0135 -0.0052
8709.3600 -0.0012 0.0048
8709.3770 -0.0035 -0.0066
8709.3940 0.0113 -0.0186
8709.4110 -0.0017 0.0021
8709.4280 -0.0150 -0.0113
8709.4450 -0.0051 0.0064
8709.4620 -0.0030 0.0051
8709.4790 -0.0075 0.0076
8709.4960 -0.0031 0.0136
8709.5130 -0.0195 0.0128
8709.5300 0.0185 0.0049
8709.5470 -0.0040 0.0031
8709.5640 -0.0171 -0.0183
8709.5810 0.0013 -0.0272
8709.5980 -0.0077 0.0015
8709.6150 -0.0128 -0.0101
8709.6320 -0.0036 -0.0060
8709.6490 0.0005 -0.0057
8709.6660 0.0121 0.0067
8709.6830 -0.0015 -0.0148
8709.7000 0.0024 0.0146
8709.7170 0.0031 -0.0095
8709.7340 0.0016 0.0250
8709.7510 -0.0089 0.0020
8709.7680 -0.0010 -0.0203
8709.7850 -0.0038 0.0004
8709.8020 -0.0035 0.0015
8709.8190 -0.0034 0.0089
8709.8360 -0.0099 0.0192
8709.8530 -0.0027 -0.0050
8709.8700 0.0104 0.0037
8709.8870 0.0103 0.0158
8709.9040 0.0006 0.0094
8709.9210 0.0139 0.0096
8709.9380 -0.0070 -0.0134
8709.9550 -0.0058 -0.0100
8709.9720 -0.0044 0.0050
8709.9890 0.0152 -0.0019
8710.0060 0.0131 0.0040
8710.0230 0.0115 0.0010
8710.0400 -0.0042 -0.0055
8710.0570 -0.0027 -0.0033
8710.0740 -0.0114 0.0084
8710.0910 -0.0142 0.0084
8710.1080 0.0043 0.0070
8710.1250 -0.0055 -0.0118
8710.1420 -0.0035 -0.0066
8710.1590 -0.0049 -0.0073
8710.1760 -0.0017 -0.0091
8710.1930 -0.0066 0.0188
8710.2100 -0.0066 -0.0036
8710.2270 0.0000 0.0015
8710.2440 0.0058 -0.0016
8710.2610 0.0005 -0.0179
8710.2780 0.0102 -0.0121
8710.2950 0.0056 -0.0138
8710.3120 -0.0122 -0.0020
8710.3290 -0.0144 -0.0164
8710.3460 0.0034 0.0096
8710.3630 0.0044 0.0055
8710.3800 0.0090 -0.0008
8710.3970 -0.0159 0.0067
8710.4140 0.0137 -0.0029
8710.4310 -0.0017 0.0003
8710.4480 0.0053 0.0079
8710.4650 0.0073 -0.0062
8710.4820 0.0064 -0.0202
8710.4990 -0.0072 0.0047
8710.5160 0.0031 0.0023
8710.5330 -0.0093 -0.0087
8710.5500 -0.0113 -0.0058
8710.5670 -0.0035 -0.0064
8710.5840 0.0122 0.0079
8710.6010 -0.0056 -0.0043
8710.6180 0.0039 0.0198
8710.6350 0.0023 0.0038
8710.6520 0.0116 0.0002
8710.6690 -0.0014 -0.0029
8710.6860 0.0057 0.0069
8710.7030 0.0042 -0.0010
8710.7200 -0.0049 -0.0190
8710.7370 -0.0064 0.0124
8710.7540 -0.0059 -0.0077
8710.7710 0.0097 -0.0117
8710.7880 -0.0013 0.0046
8710.8050 -0.0010 0.0021
8710.8220 0.0270 0.0084
8710.8390 0.0219 -0.0087
8710.8560 0.0075 0.0059
8710.8730 -0.0144 0.0047
8710.8900 -0.0078 0.0007
8710.9070 -0.0125 -0.0041
8710.9240 0.0060 -0.0042
8710.9410 0.0138 -0.0012
8710.9580 0.0009 -0.0212
8710.9750 0.0091 -0.0001
8710.9920 0.0061 -0.0039
8711.0090 0.0030 -0.0118
8711.0260 -0.0010 -0.0113
8711.0430 -0.0059 -0.0214
8711.0600 -0.0137 -0.0039
8711.0770 0.0034 -0.0043
8711.0940 0.0083 0.0099
8711.1110 0.0100 0.0057
8711.1280 -0.0116 -0.0050
8711.1450 -0.0175 -0.0133
8711.1620 0.0236 0.0142
8711.1790 0.0051 0.0157
8711.1960 0.0056 -0.0021
8711.2130 -0.0098 -0.0175
8711.2300 -0.0105 0.0060
8711.2470 -0.0067 0.0036
8711.2640 -0.0082 -0.0151
8711.2810 -0.0042 0.0025
8711.2980 -0.0141 0.0133
8711.3150 -0.0111 0.0066
8711.3320 0.0128 -0.0043
8711.3490 0.0137 -0.0047
8711.3660 0.0050 -0.0027
8711.3830 -0.0052 -0.0128
8711.4000 -0.0148 0.0110
8711.4170 0.0068 -0.0069
8711.4340 -0.0067 0.0114
8711.4510 -0.0103 -0.0028
8711.4680 0.0160 0.0184
8711.4850 0.0099 0.0045
8711.5020 -0.0064 0.0054
8711.5190 -0.0022 0.0049
8711.5360 0.0002 -0.0123
8711.5530 -0.0013 -0.0092
8711.5700 0.0003 -0.0039
8711.5870 0.0227 -0.0010
8711.6040 0.0054 0.0019
8711.6210 0.0102 0.0239
8711.6380 0.0024 0.0009
8711.6550 0.0077 0.0109
8711.6720 0.0030 0.0135
8711.6890 0.0111 0.0272
8711.7060 0.0054 -0.0009
8711.7230 -0.0146 0.0165
8711.7400 0.0050 0.0153
8711.7570 0.0089 -0.0002
8711.7740 -0.0206 -0.0070
8711.7910 0.0030 0.0042
8711.8080 0.0150 0.0163
8711.8250 0.0009 0.0041
8711.8420 0.0080 -0.0081
8711.8590 0.0135 -0.0181
8711.8760 -0.0136 0.0107
8711.8930 0.0109 0.0016
8711.9100 0.0061 0.0067
8711.9270 -0.0107 -0.0153
8711.9440 0.0110 0.0029
8711.9610 -0.0131 0.0093
8711.9780 0.0067 0.0026
8711.9950 0.0019 -0.0159
8712.0120 0.0017 0.0164
8712.0290 0.0117 -0.0052
8712.0460 -0.0048 0.0079
8712.0630 0.0047 0.0120
8712.0800 -0.0075 0.0139
8712.0970 0.0207 -0.0000
8712.1140 0.0009 0.0023
8712.1310 -0.0087 -0.0050
8712.1480 -0.0130 0.0001
8712.1650 -0.0041 -0.0017
8712.1820 -0.0162 -0.0041
8712.1990 0.0165 -0.0078
8712.2160 0.0047 -0.0080
8712.2330 -0.0072 -0.0072
8712.2500 0.0191 -0.0081
8712.2670 -0.0039 0.0011
8712.2840 0.0027 0.0172
8712.3010 -0.0043 -0.0101
8712.3180 -0.0104 -0.0092
8712.3350 0.0073 -0.0102
8712.3520 0.0005 -0.0067
8712.3690 0.0070 0.0096
8712.3860 0.0006 -0.0132
8712.4030 -0.0026 -0.0175
8712.4200 -0.0112 0.0200
8712.4370 -0.0131 0.0034
8712.4540 0.0055 0.0087
8712.4710 0.0138 -0.0070
8712.4880 0.0089 0.0124
8712.5050 0.0003 0.0045
8712.5220 -0.0105 0.0038
8712.5390 0.0131 -0.0027
8712.5560 0.0058 -0.0183
8712.5730 -0.0106 0.0084
8712.5900 0.0127 0.0111
8712.6070 0.0115 0.0073
8712.6240 0.0089 0.0149
8712.6410 0.0010 0.0210
8712.6580 0.0104 -0.0006
8712.6750 -0.0036 0.0020
8712.6920 -0.0044 0.0128
8712.7090 -0.0088 0.0047
8712.7260 0.0084 0.0121
8712.7430 -0.0117 0.0010
8712.7600 0.0145 -0.0121
8712.7770 0.0093 0.0007
8712.7940 0.0063 0.0051
8712.8110 0.0024 0.0082
8712.8280 0.0086 0.0041
8712.8450 0.0169 -0.0128
8712.8620 0.0058 0.0002
8712.8790 -0.0060 -0.0026
8712.8960 0.0219 0.0061
8712.9130 -0.0002 -0.0291
8712.9300 0.0035 0.0049
8712.9470 -0.0073 -0.0056
8712.9640 -0.0056 -0.0097
8712.9810 -0.0118 -0.0075
8712.9980 -0.0118 -0.0086
8713.0150 0.0211 -0.0059
8713.0320 -0.0024 -0.0046
8713.0490 -0.0127 -0.0054
8713.0660 -0.0097 -0.0101
8713.0830 0.0187 0.0107
8713.1000 -0.0057 0.0020
8713.1170 0.0031 -0.0211
8713.1340 -0.0145 0.0141
8713.1510 0.0016 0.0086
8713.1680 -0.0053 0.0039
8713.1850 0.0128 -0.0033
8713.2020 0.0037 0.0174
8713.2190 -0.0022 0.0080
8713.2360 0.0113 0.0242
8713.2530 -0.0063 -0.0057
8713.2700 0.0116 0.0000
8713.2870 0.0016 0.0185
8713.3040 0.0190 0.0004
8713.3210 -0.0128 -0.0104
8713.3380 0.0055 0.0053
8713.3550 -0.0158 -0.0017
8713.3720 0.0085 0.0060
8713.3890 -0.0042 0.0010
8713.4060 0.0067 0.0091
8713.4230 0.0079 0.0023
8713.4400 0.0092 0.0110
8713.4570 -0.0043 -0.0130
8713.4740 0.0126 -0.0069
8713.4910 -0.0171 -0.0040
8713.5080 -0.0125 -0.0107
8713.5250 -0.0135 -0.0025
8713.5420 -0.0009 -0.0091
8713.5590 -0.0053 -0.0043
8713.5760 0.0036 -0.0040
8713.5930 0.0117 -0.0172
8713.6100 -0.0223 -0.0027
8713.6270 -0.0069 0.0124
8713.6440 -0.0128 0.0024
8713.6610 0.0029 0.0051
8713.6780 -0.0057 -0.0006
8713.6950 -0.0009 -0.0089
8713.7120 0.0137 0.0112
8713.7290 0.0069 -0.0070
8713.7460 -0.0042 -0.0297
8713.7630 -0.0121 -0.0059
8713.7800 0.0078 -0.0155
8713.7970 0.0005 -0.0131
8713.8140 -0.0044 0.0066
8713.8310 -0.0014 0.0075
8713.8480 0.0059 0.0005
8713.8650 0.0139 -0.0003
8713.8820 -0.0020 -0.0056
8713.8990 -0.0115 -0.0159
8713.9160 -0.0098 -0.0041
8713.9330 -0.0019 -0.0097
8713.9500 -0.0068 -0.0139
8713.9670 -0.0030 -0.0063
8713.9840 0.0049 0.0012
8714.0010 0.0181 -0.0057
8714.0180 -0.0025 0.0001
8714.0350 0.0114 0.0040
8714.0520 0.0098 -0.0094
8714.0690 -0.0005 -0.0026
8714.0860 -0.0045 0.0163
8714.1030 0.0053 0.0148
8714.1200 0.0037 0.0141
8714.1370 0.0129 -0.0010
8714.1540 -0.0093 -0.0059
8714.1710 0.0159 0.0078
8714.1880 -0.0015 0.0058
8714.2050 -0.0054 -0.0039
8714.2220 0.0032 -0.0090
8714.2390 -0.0061 -0.0036
8714.2560 -0.0032 0.0050
8714.2730 0.0102 0.0073
8714.2900 0.0057 0.0038
8714.3070 0.0062 -0.0172
8714.3240 0.0037 -0.0064
8714.3410 0.0094 0.0045
8714.3580 0.0153 -0.0006
8714.3750 -0.0073 -0.0067
8714.3920 0.0142 -0.0017
8714.4090 0.0044 0.0149
8714.4260 -0.0183 -0.0044
8714.4430 0.0030 -0.0110
8714.4600 0.0138 0.0034
8714.4770 0.0013 -0.0149
8714.4940 -0.0247 0.0101
8714.5110 -0.0060 0.0197
8714.5280 0.0127 0.0005
8714.5450 -0.0149 0.0043
8714.5620 0.0052 0.0335
8714.5790 -0.0060 0.0263
8714.5960 -0.0079 -0.0021
8714.6130 0.0087 -0.0101
8714.6300 0.0065 0.0015
8714.6470 0.0004 -0.0036
8714.6640 -0.0080 -0.0137
8714.6810 0.0114 -0.0169
8714.6980 0.0040 -0.0008
8714.7150 0.0029 0.0038
8714.7320 -0.0076 -0.0035
8714.7490 -0.0064 -0.0053
8714.7660 0.0168 0.0016
8714.7830 0.0012 0.0021
8714.8000 -0.0031 0.0010
8714.8170 0.0100 0.0007
8714.8340 0.0121 0.0016
8714.8510 -0.0004 0.0046
8714.8680 -0.0055 -0.0094
8714.8850 -0.0200 0.0034
8714.9020 -0.0105 0.0085
8714.9190 0.0102 -0.0086
8714.9360 0.0093 0.0099
8714.9530 -0.0091 0.0089
8714.9700 0.0045 0.0010
8714.9870 0.0097 0.0214
8715.0040 0.0062 0.0027
8715.0210 -0.0062 -0.0056
8715.0380 -0.0054 -0.0021
8715.0550 -0.0130 0.0017
8715.0720 0.0008 0.0235
8715.0890 0.0132 -0.0003
8715.1060 0.0159 -0.0030
8715.1230 -0.0109 0.0051
8715.1400 -0.0222 -0.0006
8715.1570 -0.0104 0.0130
8715.1740 -0.0101 -0.0052
8715.1910 0.0121 0.0039
8715.2080 0.0125 -0.0033
8715.2250 0.0017 -0.0093
8715.2420 -0.0133 0.0003
8715.2590 -0.0057 0.0131
8715.2760 0.0023 0.0041
8715.2930 -0.0011 0.0139
8715.3100 0.0167 -0.0168
8715.3270 0.0155 0.0175
8715.3440 -0.0236 0.0062
8715.3610 0.0040 0.0141
8715.3780 0.0077 0.0059
8715.3950 0.0090 -0.0077
8715.4120 0.0013 -0.0070
8715.4290 0.0045 -0.0217
8715.4460 -0.0053 0.0105
8715.4630 -0.0064 0.0179
8715.4800 -0.0034 0.0124
8715.4970 -0.0007 -0.0154
8715.5140 0.0119 -0.0155
8715.5310 -0.0038 -0.0016
8715.5480 -0.0111 -0.0105
8715.5650 0.0181 -0.0025
8715.5820 0.0048 0.0091
8715.5990 -0.0106 0.0093
8715.6160 -0.0008 -0.0063
8715.6330 -0.0093 -0.0037
8715.6500 -0.0025 -0.0016
8715.6670 0.0057 0.0078
8715.6840 0.0039 0.0108
8715.7010 -0.0281 0.0009
8715.7180 -0.0105 0.0129
8715.7350 0.0042 -0.0005
8715.7520 0.0012 0.0115
8715.7690 -0.0064 -0.0233
8715.7860 0.0021 -0.0140
8715.8030 -0.0087 0.0069
8715.8200 0.0039 -0.0007
8715.8370 -0.0025 0.0067
8715.8540 0.0174 0.0137
8715.8710 -0.0017 -0.0083
8715.8880 0.0040 0.0074
8715.9050 -0.0010 -0.0144
8715.9220 -0.0168 0.0027
8715.9390 0.0005 0.0007
8715.9560 0.0045 -0.0009
8715.9730 -0.0031 -0.0138
8715.9900 0.0090 -0.0130
8716.0070 -0.0118 0.0079
8716.0240 0.0014 -0.0003
8716.0410 -0.0065 -0.0046
8716.0580 0.0057 -0.0088
8716.0750 -0.0137 0.0065
8716.0920 0.0051 -0.0009
8716.1090 0.0110 -0.0130
8716.1260 -0.0101 -0.0005
8716.1430 0.0171 0.0075
8716.1600 -0.0139 0.0025
8716.1770 0.0000 -0.0035
8716.1940 0.0052 0.0021
8716.2110 0.0043 0.0052
8716.2280 0.0053 0.0019
8716.2450 0.0179 0.0060
8716.2620 -0.0021 -0.0018
8716.2790 0.0024 -0.0086
8716.2960 -0.0016 0.0067
8716.3130 -0.0049 0.0122
8716.3300 -0.0080 0.0274
8716.3470 -0.0077 -0.0042
8716.3640 0.0097 0.0044
8716.3810 0.0037 -0.0116
8716.3980 0.0103 -0.0095
8716.4150 0.0076 -0.0087
8716.4320 -0.0073 -0.0109
8716.4490 0.0075 -0.0010
8716.4660 -0.0099 -0.0048
8716.4830 -0.0077 -0.0160
8716.5000 0.0112 -0.0038
8716.5170 0.0067 -0.0138
8716.5340 0.0110 0.0094
8716.5510 -0.0106 0.0014
8716.5680 0.0054 -0.0015
8716.5850 -0.0051 -0.0001
8716.6020 0.0093 0.0062
8716.6190 -0.0161 0.0172
8716.6360 0.0034 -0.0014
8716.6530 -0.0019 0.0082
8716.6700 0.0112 -0.0009
8716.6870 0.0169 0.0022
8716.7040 -0.0192 -0.0045
8716.7210 0.0039 -0.0086
8716.7380 0.0016 -0.0007
8716.7550 -0.0064 -0.0171
8716.7720 0.0046 0.0061
8716.7890 0.0057 0.0016
8716.8060 0.0089 -0.0070
8716.8230 0.0152 -0.0084
8716.8400 0.0066 0.0100
8716.8570 -0.0013 0.0020
8716.8740 -0.0054 0.0193
8716.8910 0.0149 0.0003
8716.9080 0.0029 -0.0081
8716.9250 0.0001 0.0083
8716.9420 -0.0099 -0.0221
8716.9590 -0.0161 -0.0125
8716.9760 0.0041 0.0105
8716.9930 0.0164 -0.0046
8717.0100 -0.0010 0.0126
8717.0270 0.0122 -0.0091
8717.0440 -0.0073 0.0104
8717.0610 -0.0119 0.0005
8717.0780 -0.0070 -0.0065
8717.0950 0.0102 0.0172
8717.1120 -0.0123 0.0008
8717.1290 0.0002 -0.0080
8717.1460 -0.0170 0.0172
8717.1630 0.0100 -0.0098
8717.1800 -0.0042 -0.0106
8717.1970 0.0235 0.0093
8717.2140 0.0000 -0.0060
8717.2310 -0.0053 0.0056
8717.2480 0.0019 0.0071
8717.2650 -0.0029 0.0016
8717.2820 0.0075 0.0151
8717.2990 0.0053 -0.0107
8717.3160 0.0120 -0.0036
8717.3330 0.0084 -0.0039
8717.3500 -0.0135 0.0146
8717.3670 0.0104 -0.0148
8717.3840 -0.0063 -0.0157
8717.4010 -0.0051 0.0164
8717.4180 -0.0042 0.0090
8717.4350 -0.0164 -0.0088
8717.4520 0.0055 -0.0029
8717.4690 -0.0071 0.0137
8717.4860 -0.0100 -0.0044
8717.5030 0.0155 -0.0080
8717.5200 0.0006 0.0120
8717.5370 -0.0065 -0.0003
8717.5540 0.0162 -0.0045
8717.5710 -0.0029 -0.0006
8717.5880 -0.0048 0.0009
8717.6050 -0.0015 -0.0091
8717.6220 0.0191 0.0116
8717.6390 0.0041 -0.0048
8717.6560 0.0158 -0.0071
8717.6730 -0.0194 0.0075
8717.6900 0.0120 0.0129
8717.7070 0.0131 0.0084
8717.7240 0.0071 0.0053
8717.7410 -0.0031 0.0119
8717.7580 0.0022 -0.0022
8717.7750 0.0132 0.0088
8717.7920 -0.0006 0.0053
8717.8090 0.0137 0.0046
8717.8260 0.0101 -0.0079
8717.8430 -0.0018 0.0063
8717.8600 -0.0032 -0.0165
8717.8770 -0.0101 -0.0025
8717.8940 -0.0039 -0.0085
8717.9110 0.0122 -0.0094
8717.9280 0.0158 -0.0048
8717.9450 0.0173 0.0034
8717.9620 -0.0144 0.0028
8717.9790 -0.0083 -0.0112
8717.9960 -0.0134 -0.0048
8718.0130 -0.0122 0.0094
8718.0300 0.0094 0.0012
8718.0470 0.0100 -0.0025
8718.0640 -0.0064 -0.0088
8718.0810 -0.0042 -0.0221
8718.0980 -0.0033 0.0012
8718.1150 0.0088 0.0121
8718.1320 -0.0037 -0.0034
8718.1490 0.0072 -0.0188
8718.1660 -0.0167 -0.0158
8718.1830 -0.0000 -0.0031
8718.2000 -0.0249 0.0024
8718.2170 0.0097 -0.0106
8718.2340 -0.0058 -0.0067
8718.2510 0.0106 -0.0048
8718.2680 0.0030 -0.0095
8718.2850 -0.0072 -0.0022
8718.3020 -0.0090 -0.0123
8718.3190 -0.0080 0.0058
8718.3360 -0.0028 -0.0140
8718.3530 0.0041 0.0005
8718.3700 0.0029 -0.0013
8718.3870 0.0191 -0.0138
8718.4040 0.0130 0.0013
8718.4210 -0.0056 0.0046
8718.4380 0.0133 0.0067
8718.4550 0.0076 0.0012
8718.4720 0.0141 0.0075
8718.4890 0.0106 -0.0090
8718.5060 0.0237 0.0032
8718.5230 0.0061 0.0117
8718.5400 -0.0011 -0.0027
8718.5570 0.0139 0.0090
8718.5740 0.0052 -0.0128
8718.5910 -0.0193 -0.0006
8718.6080 0.0094 -0.0189
8718.6250 0.0042 -0.0079
8718.6420 0.0070 -0.0081
8718.6590 0.0004 -0.0115
8718.6760 0.0071 -0.0016
8718.6930 -0.0136 -0.0205
8718.7100 0.0099 0.0124
8718.7270 -0.0062 -0.0050
8718.7440 -0.0034 0.0065
8718.7610 -0.0001 -0.0173
8718.7780 0.0138 0.0030
8718.7950 -0.0135 0.0058
8718.8120 -0.0014 -0.0177
8718.8290 0.0160 0.0017
8718.8460 -0.0164 0.0185
8718.8630 0.0091 -0.0044
8718.8800 -0.0024 0.0185
8718.8970 0.0095 0.0075
8718.9140 -0.0198 0.0142
8718.9310 -0.0022 -0.0171
8718.9480 -0.0076 -0.0049
8718.9650 -0.0061 0.0130
8718.9820 -0.0035 0.0117
8718.9990 -0.0017 0.0109
8719.0160 -0.0149 -0.0138
8719.0330 0.0003 0.0007
8719.0500 0.0062 -0.0032
8719.0670 -0.0198 0.0028
8719.0840 -0.0056 0.0114
8719.1010 0.0167 -0.0051
8719.1180 -0.0111 0.0118
8719.1350 -0.0024 -0.0009
8719.1520 0.0282 -0.0150
8719.1690 0.0103 -0.0258
8719.1860 0.0079 -0.0102
8719.2030 -0.0010 -0.0074
8719.2200 0.0061 0.0108
8719.2370 -0.0195 -0.0118
8719.2540 -0.0092 -0.0110
8719.2710 0.0166 -0.0091
8719.2880 -0.0066 -0.0040
8719.3050 -0.0022 0.0000
8719.3220 0.0046 0.0117
8719.3390 0.0031 0.0140
8719.3560 0.0051 -0.0009
8719.3730 -0.0061 -0.0061
8719.3900 -0.0096 0.0234
8719.4070 -0.0033 -0.0058
8719.4240 -0.0051 0.0122
8719.4410 0.0061 0.0055
8719.4580 0.0009 0.0022
8719.4750 -0.0076 -0.0012
8719.4920 -0.0027 0.0033
8719.5090 -0.0032 -0.0128
8719.5260 -0.0121 -0.0196
8719.5430 -0.0067 -0.0025
8719.5600 -0.0236 -0.0082
8719.5770 -0.0065 -0.0099
8719.5940 -0.0083 -0.0025
8719.6110 -0.0009 0.0080
8719.6280 -0.0021 0.0099
8719.6450 -0.0124 -0.0220
8719.6620 0.0003 0.0043
8719.6790 0.0140 -0.0087
8719.6960 -0.0005 0.0089
8719.7130 -0.0047 -0.0108
8719.7300 0.0106 0.0120
8719.7470 -0.0068 -0.0020
8719.7640 0.0010 -0.0049
8719.7810 0.0038 -0.0081
8719.7980 0.0060 0.0067
8719.8150 0.0052 0.0156
8719.8320 -0.0100 0.0022
8719.8490 0.0077 -0.0082
8719.8660 0.0151 0.0059
8719.8830 0.0063 0.0020
8719.9000 0.0214 0.0094
8719.9170 0.0222 0.0055
8719.9340 0.0079 -0.0008
8719.9510 0.0031 0.0081
8719.9680 -0.0077 0.0165
8719.9850 0.0062 -0.0087
8720.0020 0.0219 -0.0086
8720.0190 0.0067 -0.0092
8720.0360 0.0090 0.0100
8720.0530 0.0038 -0.0036
8720.0700 -0.0113 -0.0051
8720.0870 0.0030 -0.0093
8720.1040 0.0047 0.0087
8720.1210 -0.0042 0.0112
8720.1380 -0.0009 0.0158
8720.1550 0.0086 0.0032
8720.1720 0.0045 -0.0190
8720.1890 0.0013 0.0069
8720.2060 0.0263 0.0193
8720.2230 0.0045 -0.0040
8720.2400 0.0116 0.0043
8720.2570 -0.0088 -0.0104
8720.2740 0.0065 0.0081
8720.2910 0.0067 0.0175
8720.3080 0.0101 -0.0086
8720.3250 0.0015 -0.0076
8720.3420 0.0096 0.0179
8720.3590 -0.0259 0.0063
8720.3760 0.0145 -0.0047
8720.3930 -0.0091 -0.0095
8720.4100 -0.0033 -0.0178
8720.4270 0.0140 -0.0108
8720.4440 -0.0084 -0.0154
8720.4610 0.0076 -0.0038
8720.4780 -0.0041 0.0002
8720.4950 0.0143 -0.0065
8720.5120 0.0194 0.0135
8720.5290 0.0018 -0.0015
8720.5460 -0.0079 -0.0003
8720.5630 0.0119 -0.0035
8720.5800 -0.0049 -0.0158
8720.5970 -0.0043 -0.0127
8720.6140 0.0036 -0.0040
8720.6310 0.0083 0.0174
8720.6480 0.0128 -0.0050
8720.6650 -0.0022 0.0093
8720.6820 -0.0157 0.0033
8720.6990 -0.0053 0.0148
8720.7160 0.0065 0.0094
8720.7330 0.0148 0.0089
8720.7500 -0.0084 -0.0075
8720.7670 0.0043 0.0112
8720.7840 0.0012 0.0241
8720.8010 -0.0083 0.0016
8720.8180 0.0026 0.0063
8720.8350 -0.0065 0.0062
8720.8520 -0.0032 -0.0051
8720.8690 0.0151 0.0080
8720.8860 0.0088 0.0108
8720.9030 0.0076 -0.0088
8720.9200 -0.0124 -0.0061
8720.9370 -0.0087 -0.0046
8720.9540 0.0136 0.0108
8720.9710 0.0103 0.0088
8720.9880 -0.0060 0.0151
8721.0050 0.0014 0.0105
8721.0220 -0.0002 0.0131
8721.0390 0.0104 0.0091
8721.0560 -0.0058 0.0054
8721.0730 -0.0063 -0.0048
8721.0900 -0.0042 -0.0116
8721.1070 -0.0196 -0.0031
8721.1240 0.0065 0.0022
8721.1410 -0.0118 0.0088
8721.1580 -0.0056 0.0044
8721.1750 0.0003 -0.0135
8721.1920 0.0165 -0.0101
8721.2090 0.0087 -0.0016
8721.2260 -0.0031 -0.0024
8721.2430 0.0037 -0.0167
8721.2600 0.0087 -0.0023
8721.2770 0.0146 0.0081
8721.2940 -0.0035 0.0074
8721.3110 0.0005 0.0204
8721.3280 -0.0070 0.0107
8721.3450 0.0225 0.0029
8721.3620 0.0053 0.0037
8721.3790 0.0027 0.0006
8721.3960 0.0014 -0.0018
8721.4130 -0.0118 0.0117
8721.4300 -0.0206 -0.0051
8721.4470 -0.0058 0.0001
8721.4640 -0.0119 0.0072
8721.4810 -0.0001 -0.0288
8721.4980 -0.0086 -0.0118
8721.5150 -0.0015 -0.0060
8721.5320 0.0021 0.0017
8721.5490 0.0040 0.0135
8721.5660 0.0061 0.0089
8721.5830 -0.0001 -0.0043
8721.6000 -0.0100 -0.0082
8721.6170 -0.0155 -0.0022
8721.6340 0.0138 -0.0019
8721.6510 0.0071 -0.0036
8721.6680 0.0014 -0.0124
8721.6850 0.0076 0.0049
8721.7020 -0.0099 -0.0052
8721.7190 0.0023 0.0025
8721.7360 0.0155 -0.0234
8721.7530 -0.0262 0.0021
8721.7700 -0.0263 0.0070
8721.7870 -0.0022 -0.0090
8721.8040 -0.0054 0.0000
8721.8210 -0.0128 -0.0015
8721.8380 0.0083 -0.0087
8721.8550 -0.0107 0.0125
8721.8720 -0.0149 0.0019
8721.8890 -0.0057 -0.0013
8721.9060 -0.0011 -0.0101
8721.9230 -0.0088 -0.0027
8721.9400 -0.0241 -0.0004
8721.9570 -0.0094 0.0086
8721.9740 0.0102 -0.0195
8721.9910 0.0080 0.0142
8722.0080 0.0024 -0.0156
8722.0250 0.0049 0.0072
8722.0420 0.0113 -0.0042
8722.0590 0.0079 -0.0143
8722.0760 0.0035 -0.0081
8722.0930 0.0004 -0.0066
8722.1100 -0.0049 0.0071
8722.1270 0.0037 0.0068
8722.1440 0.0059 0.0080
8722.1610 -0.0109 0.0190
8722.1780 0.0045 -0.0034
8722.1950 0.0028 0.0069
8722.2120 -0.0053 0.0043
8722.2290 0.0076 -0.0078
8722.2460 0.0061 -0.0064
8722.2630 0.0001 -0.0078
8722.2800 -0.0013 -0.0051
8722.2970 0.0045 0.0219
8722.3140 0.0057 0.0019
8722.3310 -0.0014 -0.0020
8722.3480 0.0196 0.0075
8722.3650 0.0080 0.0095
8722.3820 0.0056 -0.0015
8722.3990 -0.0036 -0.0202
8722.4160 0.0035 -0.0083
8722.4330 -0.0046 0.0077
8722.4500 -0.0044 0.0157
8722.4670 -0.0109 0.0015
8722.4840 0.0063 -0.0152
8722.5010 -0.0039 0.0031
8722.5180 -0.0075 -0.0038
8722.5350 0.0089 -0.0222
8722.5520 0.0028 0.0095
8722.5690 0.0093 -0.0202
8722.5860 -0.0131 -0.0070
8722.6030 -0.0127 0.0033
8722.6200 0.0075 0.0082
8722.6370 0.0058 0.0073
8722.6540 -0.0022 -0.0065
8722.6710 0.0012 0.0022
8722.6880 -0.0029 -0.0061
8722.7050 0.0039 0.0060
8722.7220 -0.0010 -0.0126
8722.7390 -0.0012 0.0013
8722.7560 -0.0005 0.0093
8722.7730 -0.0005 -0.0204
8722.7900 -0.0247 0.0199
8722.8070 -0.0103 0.0062
8722.8240 0.0074 0.0060
8722.8410 -0.0030 0.0125
8722.8580 -0.0041 0.0017
8722.8750 0.0234 -0.0065
8722.8920 -0.0083 0.0104
8722.9090 -0.0231 -0.0077
8722.9260 -0.0061 -0.0239
8722.9430 0.0115 -0.0078
8722.9600 0.0047 -0.0054
8722.9770 0.0120 0.0086
8722.9940 -0.0048 0.0071
8723.0110 0.0005 -0.0012
8723.0280 0.0136 0.0003
8723.0450 0.0042 0.0059
8723.0620 0.0152 0.0012
8723.0790 0.0224 -0.0142
8723.0960 0.0045 -0.0180
8723.1130 -0.0025 -0.0075
8723.1300 -0.0214 0.0055
8723.1470 0.0049 -0.0008
8723.1640 0.0208 -0.0025
8723.1810 -0.0111 -0.0078
8723.1980 -0.0034 0.0012
8723.2150 0.0060 -0.0160
8723.2320 -0.0019 0.0018
8723.2490 -0.0057 -0.0100
8723.2660 -0.0134 0.0040
8723.2830 0.0042 0.0025
8723.3000 -0.0021 0.0034
8723.3170 -0.0085 0.0247
8723.3340 -0.0251 -0.0009
8723.3510 -0.0162 -0.0045
8723.3680 0.0080 -0.0146
8723.3850 -0.0139 0.0118
8723.4020 -0.0044 0.0070
8723.4190 -0.0243 0.0106
8723.4360 0.0075 -0.0144
8723.4530 -0.0166 0.0113
8723.4700 -0.0089 0.0145
8723.4870 -0.0250 -0.0241
8723.5040 -0.0101 -0.0069
8723.5210 -0.0166 0.0153
8723.5380 -0.0086 -0.0004
8723.5550 -0.0091 0.0068
8723.5720 -0.0065 -0.0054
8723.5890 0.0114 0.0040
8723.6060 0.0000 0.0141
8723.6230 -0.0012 0.0042
8723.6400 -0.0079 -0.0204
8723.6570 -0.0114 -0.0150
8723.6740 -0.0149 0.0043
8723.6910 0.0063 0.0120
8723.7080 0.0020 0.0025
8723.7250 -0.0031 -0.0007
8723.7420 0.0035 0.0011
8723.7590 -0.0166 0.0024
8723.7760 -0.0058 0.0131
8723.7930 0.0085 -0.0064
8723.8100 0.0071 -0.0043
8723.8270 0.0012 -0.0188
8723.8440 0.0111 -0.0097
8723.8610 0.0109 0.0189
8723.8780 -0.0088 0.0009
8723.8950 -0.0190 -0.0015
8723.9120 -0.0184 0.0054
8723.9290 0.0011 0.0089
8723.9460 -0.0127 0.0177
8723.9630 0.0098 -0.0002
8723.9800 0.0083 0.0059
8723.9970 -0.0135 0.0043
8724.0140 -0.0127 0.0159
8724.0310 -0.0007 0.0164
8724.0480 0.0006 -0.0046
8724.0650 -0.0010 -0.0055
8724.0820 -0.0025 -0.0225
8724.0990 0.0102 -0.0042
8724.1160 -0.0071 0.0021
8724.1330 -0.0047 0.0010
8724.1500 0.0167 -0.0029
8724.1670 0.0096 0.0052
8724.1840 0.0241 0.0025
8724.2010 0.0012 -0.0055
8724.2180 -0.0143 -0.0242
8724.2350 -0.0008 0.0007
8724.2520 -0.0066 0.0025
8724.2690 -0.0015 -0.0119
8724.2860 0.0038 -0.0043
8724.3030 0.0044 -0.0089
8724.3200 -0.0093 0.0223
8724.3370 0.0028 0.0027
8724.3540 -0.0130 0.0063
8724.3710 0.0020 0.0132
8724.3880 0.0032 0.0006
8724.4050 -0.0055 -0.0090
8724.4220 -0.0020 -0.0123
8724.4390 0.0121 -0.0086
8724.4560 0.0122 -0.0009
8724.4730 0.0111 0.0018
8724.4900 0.0094 0.0050
8724.5070 -0.0054 -0.0054
8724.5240 0.0062 -0.0005
8724.5410 0.0025 -0.0127
8724.5580 -0.0133 -0.0027
8724.5750 -0.0064 0.0051
8724.5920 -0.0061 0.0020
8724.6090 0.0073 -0.0112
8724.6260 -0.0115 0.0064
8724.6430 0.0004 -0.0011
8724.6600 0.0239 0.0161
8724.6770 -0.0096 0.0071
8724.6940 0.0006 -0.0039
8724.7110 -0.0096 0.0045
8724.7280 0.0152 0.0147
8724.7450 0.0035 -0.0140
8724.7620 0.0033 -0.0111
8724.7790 -0.0156 -0.0020
8724.7960 0.0037 -0.0053
8724.8130 -0.0184 0.0150
8724.8300 -0.0087 0.0031
8724.8470 0.0095 0.0032
8724.8640 0.0040 0.0200
8724.8810 0.0095 -0.0016
8724.8980 0.0010 -0.0066
8724.9150 -0.0033 0.0014
8724.9320 0.0029 0.0028
8724.9490 0.0026 0.0150
8724.9660 -0.0125 0.0095
8724.9830 0.0030 -0.0096
8725.0000 -0.0287 -0.0025
8725.0170 -0.0025 0.0062
8725.0340 0.0133 -0.0071
8725.0510 -0.0007 0.0050
8725.0680 -0.0050 -0.0034
8725.0850 0.0001 -0.0092
8725.1020 -0.0037 -0.0017
8725.1190 -0.0156 0.0109
8725.1360 -0.0010 0.0261
8725.1530 0.0102 -0.0067
8725.1700 0.0191 -0.0037
8725.1870 0.0067 0.0039
8725.2040 -0.0147 0.0041
8725.2210 -0.0021 0.0073
8725.2380 -0.0143 0.0003
8725.2550 -0.0024 0.0033
8725.2720 -0.0044 -0.0090
8725.2890 -0.0029 -0.0058
8725.3060 0.0038 -0.0108
8725.3230 -0.0105 -0.0002
8725.3400 0.0064 -0.0102
8725.3570 0.0125 -0.0005
8725.3740 -0.0013 -0.0076
8725.3910 -0.0069 -0.0120
8725.4080 0.0028 -0.0129
8725.4250 0.0220 0.0208
8725.4420 -0.0039 -0.0044
8725.4590 0.0021 0.0079
8725.4760 -0.0009 -0.0228
8725.4930 0.0159 0.0078
8725.5100 0.0112 0.0015
8725.5270 0.0103 -0.0070
8725.5440 -0.0054 -0.0008
8725.5610 0.0091 -0.0114
8725.5780 0.0010 0.0103
8725.5950 0.0003 0.0170
8725.6120 0.0012 0.0139
8725.6290 0.0056 -0.0101
8725.6460 -0.0088 -0.0120
8725.6630 -0.0074 0.0039
8725.6800 -0.0084 -0.0144
8725.6970 -0.0044 -0.0042
8725.7140 0.0260 -0.0030
8725.7310 -0.0155 0.0090
8725.7480 -0.0078 0.0037
8725.7650 -0.0115 0.0008
8725.7820 -0.0038 -0.0053
8725.7990 -0.0145 0.0022
8725.8160 -0.0025 0.0004
8725.8330 0.0096 -0.0077
8725.8500 -0.0024 0.0109
8725.8670 -0.0014 0.0019
8725.8840 -0.0113 -0.0055
8725.9010 0.0068 -0.0024
8725.9180 -0.0194 -0.0144
8725.9350 -0.0120 0.0010
8725.9520 -0.0053 0.0022
8725.9690 -0.0195 0.0107
8725.9860 -0.0050 -0.0208
8726.0030 -0.0108 0.0083
8726.0200 0.0211 0.0052
8726.0370 0.0174 -0.0017
8726.0540 0.0096 -0.0067
8726.0710 0.0096 0.0016
8726.0880 0.0028 -0.0013
8726.1050 -0.0027 0.0116
8726.1220 -0.0080 -0.0057
8726.1390 0.0183 0.0039
8726.1560 0.0103 0.0116
8726.1730 -0.0125 -0.0023
8726.1900 -0.0073 -0.0123
8726.2070 0.0128 0.0016
8726.2240 0.0057 -0.0158
8726.2410 -0.0090 0.0039
8726.2580 -0.0002 0.0014
8726.2750 0.0107 0.0057
8726.2920 -0.0035 0.0052
8726.3090 0.0045 0.0120
8726.3260 -0.0110 -0.0088
8726.3430 0.0087 0.0006
8726.3600 -0.0150 -0.0030
8726.3770 -0.0091 0.0150
8726.3940 0.0052 -0.0072
8726.4110 -0.0231 -0.0071
8726.4280 -0.0122 0.0029
8726.4450 -0.0089 -0.0089
8726.4620 0.0154 -0.0000
8726.4790 -0.0040 0.0099
8726.4960 -0.0173 -0.0024
8726.5130 -0.0012 -0.0177
8726.5300 -0.0107 0.0044
8726.5470 0.0093 -0.0044
8726.5640 0.0152 0.0026
8726.5810 -0.0057 -0.0149
8726.5980 0.0144 -0.0029
8726.6150 -0.0121 -0.0178
8726.6320 0.0106 -0.0012
8726.6490 -0.0031 -0.0211
8726.6660 0.0139 -0.0102
8726.6830 -0.0142 -0.0026
8726.7000 -0.0029 -0.0081
8726.7170 -0.0039 -0.0052
8726.7340 0.0055 -0.0122
8726.7510 -0.0003 -0.0120
8726.7680 -0.0055 -0.0086
8726.7850 0.0056 0.0036
8726.8020 -0.0013 -0.0013
8726.8190 0.0076 -0.0085
8726.8360 0.0109 0.0056
8726.8530 0.0138 -0.0030
8726.8700 0.0291 -0.0014
8726.8870 0.0250 -0.0110
8726.9040 0.0006 0.0093
8726.9210 -0.0100 0.0189
8726.9380 -0.0031 0.0018
8726.9550 0.0062 0.0102
8726.9720 0.0094 0.0104
8726.9890 -0.0036 -0.0006
8727.0060 -0.0084 0.0084
8727.0230 -0.0137 -0.0240
8727.0400 0.0024 -0.0060
8727.0570 0.0009 -0.0010
8727.0740 -0.0062 0.0134
8727.0910 0.0183 0.0134
8727.1080 -0.0027 -0.0024
8727.1250 -0.0020 -0.0048
8727.1420 0.0048 -0.0082
8727.1590 -0.0143 -0.0005
8727.1760 0.0117 0.0035
8727.1930 -0.0190 -0.0029
8727.2100 0.0078 -0.0115
8727.2270 0.0059 0.0024
8727.2440 -0.0041 -0.0139
8727.2610 -0.0068 0.0108
8727.2780 -0.0054 0.0027
8727.2950 0.0015 0.0013
8727.3120 -0.0059 0.0017
8727.3290 -0.0106 0.0158
8727.3460 0.0105 -0.0117
8727.3630 -0.0082 0.0096
8727.3800 0.0046 -0.0023
8727.3970 -0.0057 0.0019
8727.4140 0.0156 -0.0195
8727.4310 -0.0024 0.0003
8727.4480 0.0010 -0.0056
8727.4650 -0.0065 0.0031
8727.4820 -0.0051 0.0121
8727.4990 -0.0009 0.0164
8727.5160 -0.0017 -0.0056
8727.5330 -0.0093 0.0040
8727.5500 -0.0073 -0.0013
8727.5670 -0.0067 -0.0115
8727.5840 -0.0019 -0.0141
8727.6010 0.0003 0.0021
8727.6180 -0.0123 -0.0173
8727.6350 -0.0123 0.0165
8727.6520 0.0039 -0.0026
8727.6690 0.0181 -0.0086
8727.6860 0.0097 -0.0251
8727.7030 0.0140 -0.0083
8727.7200 0.0143 0.0017
8727.7370 -0.0173 0.0076
8727.7540 0.0006 0.0168
8727.7710 -0.0002 0.0059
8727.7880 -0.0081 0.0167
8727.8050 -0.0001 -0.0115
8727.8220 0.0024 -0.0078
8727.8390 0.0095 -0.0057
8727.8560 0.0066 0.0050
8727.8730 -0.0115 0.0088
8727.8900 0.0097 0.0106
8727.9070 0.0130 0.0002
8727.9240 0.0087 -0.0075
8727.9410 -0.0070 0.0173
8727.9580 0.0060 -0.0111
8727.9750 0.0006 0.0029
8727.9920 0.0175 -0.0012
8728.0090 -0.0086 0.0049
8728.0260 -0.0152 0.0050
8728.0430 0.0081 -0.0115
8728.0600 0.0065 0.0091
8728.0770 0.0053 -0.0038
8728.0940 0.0180 0.0102
8728.1110 -0.0158 -0.0100
8728.1280 0.0109 0.0125
8728.1450 -0.0026 -0.0032
8728.1620 -0.0013 -0.0006
8728.1790 0.0059 -0.0053
8728.1960 -0.0194 0.0108
8728.2130 -0.0007 0.0008
8728.2300 -0.0211 -0.0081
8728.2470 -0.0154 0.0062
8728.2640 -0.0068 0.0027
8728.2810 0.0112 -0.0075
8728.2980 0.0078 -0.0211
8728.3150 -0.0079 -0.0037
8728.3320 0.0082 -0.0000
8728.3490 -0.0030 0.0052
8728.3660 0.0151 -0.0050
8728.3830 0.0055 -0.0010
8728.4000 0.0014 0.0053
8728.4170 -0.0043 -0.0128
8728.4340 -0.0189 0.0047
8728.4510 -0.0264 -0.0132
8728.4680 -0.0078 0.0061
8728.4850 -0.0081 0.0237
8728.5020 -0.0043 0.0010
8728.5190 0.0149 0.0064
8728.5360 -0.0218 -0.0045
8728.5530 0.0090 -0.0035
8728.5700 0.0033 -0.0114
8728.5870 -0.0061 -0.0178
8728.6040 0.0039 0.0071
8728.6210 0.0250 0.0116
8728.6380 0.0030 -0.0142
8728.6550 0.0201 -0.0056
8728.6720 0.0010 -0.0136
8728.6890 0.0026 0.0161
8728.7060 0.0083 -0.0038
8728.7230 -0.0046 -0.0023
8728.7400 0.0228 -0.0120
8728.7570 -0.0145 -0.0006
8728.7740 0.0063 0.0159
8728.7910 -0.0221 -0.0094
8728.8080 0.0061 -0.0051
8728.8250 -0.0074 -0.0211
8728.8420 -0.0052 -0.0053
8728.8590 0.0074 0.0007
8728.8760 -0.0166 0.0224
8728.8930 -0.0084 -0.0108
8728.9100 -0.0135 -0.0171
8728.9270 -0.0105 -0.0001
8728.9440 -0.0192 0.0069
8728.9610 -0.0019 -0.0041
8728.9780 -0.0096 0.0039
8728.9950 0.0109 0.0015
8729.0120 0.0038 0.0115
8729.0290 0.0096 0.0147
8729.0460 0.0008 0.0218
8729.0630 -0.0031 -0.0135
8729.0800 0.0054 0.0136
8729.0970 0.0012 -0.0082
8729.1140 -0.0079 -0.0053
8729.1310 0.0015 -0.0018
8729.1480 0.0080 -0.0159
8729.1650 -0.0066 0.0135
8729.1820 -0.0044 0.0071
8729.1990 0.0038 0.0108
8729.2160 -0.0050 -0.0070
8729.2330 0.0039 -0.0048
8729.2500 -0.0258 0.0086
8729.2670 0.0122 0.0103
8729.2840 -0.0014 0.0029
8729.3010 -0.0066 -0.0020
8729.3180 -0.0121 0.0003
8729.3350 0.0172 -0.0021
8729.3520 0.0054 0.0027
8729.3690 -0.0140 0.0233
8729.3860 -0.0031 -0.0066
8729.4030 -0.0084 0.0151
8729.4200 -0.0076 -0.0032
8729.4370 0.0100 0.0122
8729.4540 0.0087 -0.0088
8729.4710 -0.0096 -0.0043
8729.4880 0.0133 -0.0165
8729.5050 -0.0047 0.0024
8729.5220 -0.0039 -0.0092
8729.5390 -0.0156 -0.0098
8729.5560 0.0054 -0.0105
8729.5730 0.0097 -0.0133
8729.5900 0.0260 -0.0010
8729.6070 -0.0045 -0.0118
8729.6240 0.0165 0.0018
8729.6410 0.0097 0.0045
8729.6580 0.0037 0.0080
8729.6750 0.0013 0.0119
8729.6920 -0.0186 0.0126
8729.7090 0.0026 -0.0111
8729.7260 -0.0068 0.0244
8729.7430 -0.0059 0.0101
8729.7600 -0.0008 0.0075
8729.7770 -0.0158 0.0039
8729.7940 -0.0083 -0.0148
8729.8110 -0.0166 -0.0015
8729.8280 -0.0203 -0.0030
8729.8450 0.0032 -0.0236
8729.8620 0.0029 0.0070
8729.8790 -0.0011 0.0029
8729.8960 0.0079 -0.0131
8729.9130 -0.0029 0.0011
8729.9300 0.0181 -0.0067
8729.9470 0.0038 0.0034
8729.9640 0.0280 -0.0105
8729.9810 -0.0032 -0.0191
8729.9980 -0.0021 -0.0027
8730.0150 0.0070 0.0019
8730.0320 0.0070 -0.0052
8730.0490 -0.0103 0.0032
8730.0660 0.0079 -0.0124
8730.0830 -0.0026 -0.0127
8730.1000 -0.0012 0.0048
8730.1170 0.0174 -0.0305
8730.1340 0.0077 0.0115
8730.1510 0.0187 0.0003
8730.1680 0.0022 -0.0002
8730.1850 0.0080 -0.0040
8730.2020 -0.0154 0.0022
8730.2190 -0.0071 -0.0130
8730.2360 -0.0018 -0.0018
8730.2530 -0.0071 0.0086
8730.2700 0.0275 0.0023
8730.2870 0.0100 -0.0012
8730.3040 -0.0254 0.0050
8730.3210 -0.0180 0.0050
8730.3380 0.0091 0.0100
8730.3550 -0.0026 0.0040
8730.3720 0.0004 0.0066
8730.3890 -0.0034 0.0038
8730.4060 0.0042 0.0018
8730.4230 -0.0025 0.0064
8730.4400 0.0094 0.0017
8730.4570 -0.0023 -0.0191
8730.4740 -0.0144 -0.0045
8730.4910 0.0018 -0.0001
8730.5080 0.0059 0.0028
