8693.8610 1.4453
8693.9140 1.4523
8693.9640 1.4557
8694.0150 1.4752
8694.0650 1.4923
8694.1140 1.5299
8694.1640 1.5569
8694.2140 1.6167
8694.2600 1.6703
8694.3130 1.7317
8694.3640 1.8055
8694.4140 1.8717
8694.4640 1.9295
8694.5140 2.0081
8694.5640 2.0334
8694.6130 2.0311
8694.6650 2.0301
8694.7140 2.0400
8694.7640 2.0400
8694.8140 2.0609
8694.8640 2.0734
8694.9130 2.0994
8694.9640 2.1295
8695.0130 2.1617
8695.0630 2.1962
8695.1130 2.2322
8695.1630 2.2640
8695.2150 2.1953
8695.2640 2.1336
8695.3140 2.0758
8695.3630 2.0189
8695.4140 1.9643
8695.4640 1.9126
8695.5130 1.8690
8695.5630 1.8131
8695.6140 1.7775
8695.6640 1.7271
8695.7140 1.6919
8695.7630 1.6400
8695.8140 1.5932
8695.8630 1.5468
8695.9140 1.5183
8695.9640 1.4742
8696.0130 1.4408
8696.0630 1.4069
8696.1130 1.3796
8696.1640 1.3534
8696.2140 1.3380
8696.2640 1.3275
8696.3140 1.3043
8696.3640 1.2959
8696.4140 1.2743
8696.4630 1.2647
8696.5140 1.2665
8696.5640 1.2543
8696.6130 1.2427
8696.6640 1.2349
8696.7140 1.2201
8696.7630 1.2062
8696.8140 1.1910
8696.8640 1.1851
8696.9140 1.1731
8696.9640 1.1620
8697.0140 1.1580
8697.0640 1.1509
8697.1140 1.1700
8697.1640 1.1827
8697.2130 1.1998
8697.2640 1.2313
8697.3140 1.2699
8697.3640 1.3069
8697.4140 1.3404
8697.4640 1.3738
8697.5130 1.4252
8697.5640 1.4604
8697.6130 1.5105
8697.6630 1.5500
8697.7150 1.6086
8697.7640 1.6488
8697.8150 1.6993
8697.8640 1.7519
8697.9110 1.8027
8697.9600 1.8364
8698.0130 1.7698
8698.0620 1.7127
8698.1110 1.6573
8698.1640 1.5917
8698.2140 1.5321
8698.2640 1.4596
8698.3250 1.3994
8698.3600 1.3417
8698.4110 1.2697
8698.4640 1.2130
8698.5150 1.1446
8698.5640 1.1200
8698.6140 1.1201
8698.6640 1.1246
8698.7170 1.1275
8698.7610 1.1214
8698.8140 1.1251
8698.8640 1.1298
8698.9130 1.1271
8698.9650 1.1208
8699.0140 1.1341
8699.0640 1.1216
8699.1140 1.1249
8699.1630 1.1224
8699.2140 1.1214
8699.2640 1.1239
8699.3140 1.1221
8699.3640 1.1234
8699.4130 1.1256
8699.4640 1.1209
8699.5130 1.1290
8699.5640 1.1198
8699.6130 1.1198
8699.6640 1.1217
8699.7130 1.1211
8699.7640 1.1218
8699.8140 1.1205
8699.8640 1.1201
8699.9140 1.1201
8699.9630 1.1200
8700.0130 1.1474
8700.0640 1.1752
8700.1140 1.2116
8700.1640 1.1801
8700.2150 1.1321
8700.2630 1.1197
8700.3140 1.1218
8700.3630 1.1198
8700.4140 1.1213
8700.4630 1.1199
8700.5140 1.1198
8700.5640 1.1297
8700.6140 1.1329
8700.6640 1.1242
8700.7130 1.1244
8700.7640 1.1294
8700.8140 1.1341
8700.8630 1.1486
8700.9130 1.1238
8700.9640 1.1405
8701.0140 1.1230
8701.0640 1.1222
8701.1140 1.1398
8701.1640 1.1301
8701.2140 1.1250
8701.2640 1.1309
8701.3140 1.1381
8701.3640 1.1366
8701.4140 1.1336
8701.4640 1.1230
8701.5140 1.1240
8701.5630 1.1216
8701.6130 1.1234
8701.6640 1.1310
8701.7130 1.1220
8701.7640 1.1211
8701.8140 1.1306
8701.8630 1.1202
8701.9140 1.1222
8701.9640 1.1197
8702.0140 1.1196
8702.0640 1.1473
8702.1140 1.1726
8702.1640 1.2075
8702.2130 1.2521
8702.2640 1.2810
8702.3140 1.3085
8702.3640 1.3444
8702.4150 1.3769
8702.4640 1.4104
8702.5130 1.4312
8702.5630 1.4286
8702.6130 1.3991
8702.6640 1.3712
8702.7130 1.3543
8702.7640 1.3286
8702.8130 1.3058
8702.8630 1.2829
8702.9140 1.2577
8702.9640 1.2338
8703.0130 1.2177
8703.0640 1.1982
8703.1130 1.1740
8703.1630 1.1556
8703.2140 1.1371
8703.2630 1.1241
8703.3130 1.1196
8703.3640 1.1196
8703.4130 1.1206
8703.4640 1.1196
8703.5140 1.1210
8703.5630 1.1198
8703.6130 1.1217
8703.6640 1.1201
8703.7130 1.1201
8703.7640 1.1198
8703.8140 1.1206
8703.8640 1.1209
8703.9130 1.1206
8703.9630 1.1245
8704.0130 1.1209
8704.0640 1.1212
8704.1140 1.1231
8704.1630 1.1204
8704.2130 1.1203
8704.2630 1.1203
8704.3140 1.1199
8704.3630 1.1226
8704.4130 1.1206
8704.4640 1.1197
8704.5140 1.1229
8704.5640 1.1216
8704.6150 1.1208
8704.6650 1.1198
8704.7130 1.1207
8704.7640 1.1217
8704.8130 1.1220
8704.8640 1.1209
8704.9130 1.1201
8704.9630 1.1209
8705.0130 1.1206
8705.0640 1.1204
8705.1140 1.1219
8705.1640 1.1215
8705.2140 1.1210
8705.2640 1.1219
8705.3130 1.1196
8705.3630 1.1201
8705.4140 1.1226
8705.4640 1.1209
8705.5140 1.1221
8705.5640 1.1197
8705.6140 1.1199
8705.6630 1.1197
8705.7140 1.1201
8705.7640 1.1199
8705.8130 1.1201
8705.8630 1.1235
8705.9130 1.1211
8705.9640 1.1197
8706.0130 1.1209
8706.0630 1.1202
8706.1130 1.1229
8706.1640 1.1199
8706.2140 1.1217
8706.2640 1.1198
8706.3130 1.1197
8706.3630 1.1222
8706.4140 1.1234
8706.4640 1.1198
8706.5130 1.1198
8706.5630 1.1224
8706.6140 1.1200
8706.6640 1.1213
8706.7140 1.1200
8706.7640 1.1230
8706.8140 1.1206
8706.8630 1.1201
8706.9140 1.1198
8706.9630 1.1216
8707.0140 1.1212
8707.0640 1.1199
8707.1140 1.1199
8707.1630 1.1209
8707.2130 1.1200
8707.2640 1.1199
8707.3140 1.1216
8707.3640 1.1222
8707.4130 1.1230
8707.4630 1.1197
8707.5130 1.1206
8707.5640 1.1217
8707.6140 1.1197
8707.6640 1.1203
8707.7140 1.1197
8707.7640 1.1199
8707.8130 1.1225
8707.8630 1.1204
8707.9130 1.1213
8707.9640 1.1199
8708.0130 1.1200
8708.0630 1.1199
8708.1140 1.1201
8708.1640 1.1205
8708.2130 1.1204
8708.2640 1.1206
8708.3140 1.1211
8708.3640 1.1206
8708.4140 1.1199
8708.4630 1.1200
8708.5140 1.1200
8708.5640 1.1202
8708.6130 1.1206
8708.6620 1.1212
8708.7130 1.1237
8708.7640 1.1204
8708.8130 1.1202
8708.8630 1.1209
8708.9140 1.1207
8708.9630 1.1206
8709.0130 1.1204
8709.0630 1.1198
8709.1140 1.1199
8709.1640 1.1211
8709.2140 1.1228
8709.2640 1.1220
8709.3140 1.1215
8709.3640 1.1200
8709.4140 1.1208
8709.4640 1.1220
8709.5140 1.1201
8709.5640 1.1196
8709.6140 1.1199
8709.6630 1.1209
8709.7130 1.1202
8709.7640 1.1211
8709.8130 1.1204
8709.8640 1.1202
8709.9130 1.1202
8709.9630 1.1213
8710.0130 1.1214
8710.0630 1.1203
8710.1140 1.1211
8710.1640 1.1209
8710.2140 1.1198
8710.2640 1.1210
8710.3140 1.1215
8710.3630 1.1211
8710.4130 1.1227
8710.4630 1.1201
8710.5130 1.1202
8710.5630 1.1196
8710.6140 1.1198
8710.6640 1.1209
8710.7130 1.1229
8710.7640 1.1211
8710.8130 1.1247
8710.8640 1.1199
8710.9140 1.1220
8710.9640 1.1196
8711.0150 1.1211
8711.0660 1.1199
8711.1120 1.1200
8711.1650 1.1209
8711.2150 1.1207
8711.2650 1.1226
8711.3140 1.1214
8711.3620 1.1220
8711.4140 1.1212
8711.4610 1.1205
8711.5140 1.1220
8711.5640 1.1236
8711.6140 1.1198
8711.6640 1.1204
8711.7140 1.1208
8711.7640 1.1209
8711.8140 1.1196
8711.8640 1.1201
8711.9130 1.1218
8711.9660 1.1200
8712.0140 1.1209
8712.0630 1.1200
8712.1130 1.1230
8712.1640 1.1197
8712.2140 1.1198
8712.2640 1.1198
8712.3140 1.1216
8712.3640 1.1197
8712.4130 1.1209
8712.4640 1.1197
8712.5140 1.1215
8712.5630 1.1199
8712.6130 1.1205
8712.6640 1.1205
8712.7150 1.1202
8712.7630 1.1230
8712.8140 1.1213
8712.8640 1.1199
8712.9130 1.1204
8712.9630 1.1205
8713.0140 1.1223
8713.0630 1.1232
8713.1140 1.1205
8713.1620 1.1198
8713.2140 1.1215
8713.2630 1.1206
8713.3130 1.1199
8713.3650 1.1206
8713.4130 1.1199
8713.4640 1.1229
8713.5140 1.1197
8713.5640 1.1197
8713.6130 1.1206
8713.6630 1.1204
8713.7140 1.1206
8713.7630 1.1217
8713.8130 1.1207
8713.8640 1.1203
8713.9130 1.1212
8713.9630 1.1196
8714.0130 1.1203
8714.0640 1.1205
8714.1140 1.1201
8714.1640 1.1214
8714.2140 1.1218
8714.2640 1.1210
8714.3140 1.1203
8714.3640 1.1204
8714.4140 1.1202
8714.4640 1.1215
8714.5130 1.1227
8714.5640 1.1199
8714.6130 1.1204
8714.6640 1.1221
8714.7130 1.1202
8714.7640 1.1211
8714.8140 1.1205
8714.8630 1.1197
8714.9140 1.1197
8714.9640 1.1201
8715.0140 1.1228
8715.0630 1.1213
8715.1130 1.1200
8715.1630 1.1205
8715.2140 1.1200
8715.2630 1.1207
8715.3130 1.1201
8715.3640 1.1200
8715.4130 1.1200
8715.4630 1.1199
8715.5130 1.1200
8715.5630 1.1214
8715.6130 1.1202
8715.6630 1.1203
8715.7130 1.1198
8715.7640 1.1203
8715.8130 1.1225
8715.8640 1.1202
8715.9140 1.1244
8715.9640 1.1202
8716.0140 1.1215
8716.0640 1.1245
8716.1130 1.1210
8716.1640 1.1200
8716.2140 1.1227
8716.2630 1.1197
8716.3140 1.1231
8716.3640 1.1197
8716.4140 1.1207
8716.4640 1.1206
8716.5130 1.1208
8716.5630 1.1199
8716.6130 1.1201
8716.6640 1.1202
8716.7140 1.1206
8716.7630 1.1206
8716.8130 1.1212
8716.8640 1.1213
8716.9140 1.1200
8716.9640 1.1200
8717.0140 1.1199
8717.0640 1.1196
8717.1130 1.1202
8717.1630 1.1215
8717.2140 1.1200
8717.2640 1.1227
8717.3140 1.1212
8717.3640 1.1212
8717.4130 1.1201
8717.4630 1.1222
8717.5140 1.1198
8717.5630 1.1232
8717.6130 1.1261
8717.6630 1.1210
8717.7130 1.1199
8717.7640 1.1201
8717.8130 1.1254
8717.8640 1.1217
8717.9130 1.1208
8717.9640 1.1272
8718.0130 1.1201
8718.0630 1.1212
8718.1140 1.1210
8718.1630 1.1215
8718.2130 1.1200
8718.2640 1.1225
8718.3140 1.1198
8718.3640 1.1206
8718.4140 1.1198
8718.4630 1.1197
8718.5140 1.1205
8718.5640 1.1239
8718.6140 1.1199
8718.6630 1.1215
8718.7140 1.1204
8718.7630 1.1212
8718.8130 1.1197
8718.8630 1.1206
8718.9130 1.1201
8718.9630 1.1201
8719.0130 1.1211
8719.0640 1.1204
8719.1130 1.1213
8719.1640 1.1207
8719.2140 1.1197
8719.2640 1.1208
8719.3130 1.1200
8719.3630 1.1208
8719.4130 1.1205
8719.4630 1.1203
8719.5140 1.1199
8719.5650 1.1197
8719.6130 1.1211
8719.6630 1.1197
8719.7130 1.1218
8719.7640 1.1207
8719.8130 1.1242
8719.8630 1.1200
8719.9140 1.1271
8719.9650 1.1209
8720.0140 1.1203
8720.0640 1.1198
8720.1140 1.1206
8720.1640 1.1200
8720.2130 1.1197
8720.2630 1.1201
8720.3140 1.1200
8720.3620 1.1218
8720.4140 1.1220
8720.4640 1.1211
8720.5140 1.1200
8720.5630 1.1207
8720.6140 1.1214
8720.6640 1.1231
8720.7130 1.1196
8720.7640 1.1198
8720.8130 1.1199
8720.8640 1.1199
8720.9130 1.1200
8720.9630 1.1220
8721.0130 1.1214
8721.0630 1.1207
8721.1140 1.1207
8721.1640 1.1221
8721.2140 1.1203
8721.2630 1.1209
8721.3130 1.1204
8721.3630 1.1198
8721.4140 1.1198
8721.4640 1.1221
8721.5140 1.1215
8721.5630 1.1254
8721.6140 1.1208
8721.6640 1.1202
8721.7130 1.1219
8721.7640 1.1197
8721.8130 1.1205
8721.8640 1.1208
8721.9130 1.1206
8721.9640 1.1205
8722.0130 1.1221
8722.0640 1.1208
8722.1130 1.1209
8722.1640 1.1214
8722.2120 1.1205
8722.2650 1.1200
8722.3140 1.1199
8722.3640 1.1196
8722.4140 1.1203
8722.4640 1.1215
8722.5140 1.1200
8722.5650 1.1215
8722.6130 1.1213
8722.6640 1.1234
8722.7130 1.1212
8722.7630 1.1203
8722.8140 1.1205
8722.8640 1.1219
8722.9140 1.1221
8722.9640 1.1199
8723.0140 1.1199
8723.0640 1.1201
8723.1140 1.1198
8723.1640 1.1201
8723.2140 1.1197
8723.2620 1.1215
8723.3140 1.1237
8723.3640 1.1220
8723.4130 1.1198
8723.4630 1.1202
8723.5130 1.1207
8723.5640 1.1204
8723.6140 1.1224
8723.6640 1.1204
8723.7140 1.1198
8723.7630 1.1257
8723.8130 1.1215
8723.8630 1.1205
8723.9130 1.1203
8723.9630 1.1202
8724.0130 1.1213
8724.0630 1.1218
8724.1130 1.1206
8724.1640 1.1217
8724.2130 1.1231
8724.2640 1.1198
8724.3130 1.1196
8724.3630 1.1214
8724.4130 1.1213
8724.4640 1.1209
8724.5130 1.1201
8724.5630 1.1197
8724.6140 1.1204
8724.6640 1.1203
8724.7130 1.1248
8724.7630 1.1200
8724.8130 1.1199
8724.8630 1.1211
8724.9130 1.1214
8724.9630 1.1209
8725.0130 1.1215
8725.0650 1.1198
8725.1150 1.1200
8725.1640 1.1210
8725.2150 1.1199
8725.2640 1.1208
8725.3140 1.1206
8725.3610 1.1206
8725.4140 1.1208
8725.4650 1.1197
8725.5140 1.1196
8725.5640 1.1199
8725.6140 1.1225
8725.6640 1.1212
8725.7140 1.1224
8725.7630 1.1196
8725.8140 1.1199
8725.8640 1.1208
8725.9140 1.1256
8725.9640 1.1202
8726.0140 1.1196
8726.0640 1.1204
8726.1140 1.1201
8726.1630 1.1197
8726.2130 1.1205
8726.2640 1.1213
8726.3140 1.1197
8726.3640 1.1198
8726.4140 1.1198
8726.4640 1.1198
8726.5130 1.1203
8726.5640 1.1205
8726.6130 1.1213
8726.6630 1.1232
8726.7130 1.1198
8726.7630 1.1218
8726.8140 1.1217
8726.8630 1.1201
8726.9140 1.1216
8726.9630 1.1201
8727.0130 1.1200
8727.0640 1.1201
8727.1140 1.1211
8727.1630 1.1197
8727.2130 1.1221
8727.2640 1.1202
8727.3130 1.1204
8727.3630 1.1217
8727.4130 1.1203
8727.4630 1.1197
8727.5140 1.1202
8727.5640 1.1228
8727.6140 1.1216
8727.6650 1.1196
8727.7140 1.1206
8727.7650 1.1202
8727.8150 1.1206
8727.8650 1.1208
8727.9140 1.1202
8727.9650 1.1196
8728.0140 1.1207
8728.0650 1.1210
8728.1140 1.1214
8728.1640 1.1201
8728.2150 1.1203
8728.2650 1.1202
8728.3150 1.1227
8728.3650 1.1204
8728.4150 1.1216
8728.4650 1.1227
8728.5150 1.1221
8728.5650 1.1216
8728.6150 1.1215
8728.6650 1.1211
8728.7140 1.1233
8728.7640 1.1217
8728.8140 1.1203
8728.8660 1.1204
8728.9150 1.1233
8728.9640 1.1207
8729.0140 1.1201
8729.0650 1.1197
8729.1140 1.1206
8729.1650 1.1196
8729.2150 1.1205
8729.2650 1.1207
8729.3140 1.1206
8729.3650 1.1198
8729.4150 1.1204
8729.4650 1.1202
8729.5160 1.1228
8729.5660 1.1214
8729.6150 1.1199
8729.6650 1.1210
8729.7150 1.1200
8729.7660 1.1199
8729.8150 1.1197
8729.8650 1.1200
8729.9140 1.1200
8729.9640 1.1235
8730.0140 1.1200
8730.0650 1.1208
8730.1150 1.1197
8730.1650 1.1207
8730.2140 1.1206
8730.2640 1.1233
8730.3140 1.1199
8730.3650 1.1224
8730.4150 1.1214
8730.4650 1.1196
8730.5150 1.1203
