9231.0050 -0.0226 -0.0082
9231.0220 -0.0083 0.0164
9231.0390 -0.0047 0.0062
9231.0560 -0.0241 -0.0032
9231.0730 0.0056 -0.0188
9231.0900 0.0100 0.0114
9231.1070 0.0024 -0.0050
9231.1240 0.0222 0.0043
9231.1410 0.0002 0.0030
9231.1580 0.0007 -0.0113
9231.1750 -0.0001 0.0101
9231.1920 -0.0064 0.0039
9231.2090 0.0000 0.0126
9231.2260 -0.0137 0.0093
9231.2430 -0.0129 -0.0175
9231.2600 -0.0111 -0.0091
9231.2770 0.0053 0.0143
9231.2940 0.0091 0.0235
9231.3110 -0.0165 -0.0079
9231.3280 0.0011 0.0054
9231.3450 0.0083 0.0117
9231.3620 0.0087 -0.0064
9231.3790 0.0019 -0.0107
9231.3960 0.0089 0.0101
9231.4130 0.0007 0.0017
9231.4300 -0.0056 0.0077
9231.4470 -0.0055 -0.0069
9231.4640 -0.0027 0.0057
9231.4810 -0.0010 0.0016
9231.4980 -0.0085 -0.0019
9231.5150 -0.0056 0.0032
9231.5320 -0.0145 -0.0006
9231.5490 -0.0042 0.0070
9231.5660 0.0081 0.0079
9231.5830 -0.0028 0.0008
9231.6000 -0.0002 0.0044
9231.6170 0.0076 0.0047
9231.6340 0.0027 -0.0113
9231.6510 -0.0010 -0.0088
9231.6680 0.0240 0.0069
9231.6850 -0.0161 -0.0073
9231.7020 -0.0031 0.0019
9231.7190 -0.0040 0.0122
9231.7360 -0.0139 0.0027
9231.7530 0.0111 0.0064
9231.7700 -0.0027 0.0180
9231.7870 0.0036 0.0023
9231.8040 -0.0038 -0.0045
9231.8210 -0.0053 -0.0141
9231.8380 0.0158 -0.0094
9231.8550 -0.0097 -0.0067
9231.8720 0.0049 -0.0053
9231.8890 -0.0187 0.0064
9231.9060 0.0157 -0.0062
9231.9230 -0.0024 -0.0058
9231.9400 -0.0068 0.0033
9231.9570 0.0133 -0.0246
9231.9740 0.0121 0.0163
9231.9910 -0.0165 -0.0126
9232.0080 -0.0213 0.0114
9232.0250 -0.0072 -0.0009
9232.0420 0.0052 0.0234
9232.0590 -0.0166 0.0091
9232.0760 -0.0065 0.0164
9232.0930 -0.0019 -0.0179
9232.1100 -0.0112 0.0139
9232.1270 0.0085 0.0029
9232.1440 -0.0070 -0.0010
9232.1610 -0.0083 0.0069
9232.1780 -0.0015 0.0079
9232.1950 0.0137 -0.0102
9232.2120 -0.0097 -0.0046
9232.2290 0.0043 0.0117
9232.2460 -0.0117 -0.0007
9232.2630 0.0008 0.0105
9232.2800 -0.0144 0.0001
9232.2970 0.0115 0.0045
9232.3140 -0.0002 0.0022
9232.3310 -0.0046 -0.0247
9232.3480 -0.0104 0.0071
9232.3650 0.0131 0.0025
9232.3820 -0.0279 -0.0106
9232.3990 0.0113 -0.0050
9232.4160 0.0026 -0.0046
9232.4330 0.0030 -0.0008
9232.4500 0.0074 -0.0102
9232.4670 0.0114 0.0012
9232.4840 -0.0027 -0.0179
9232.5010 0.0006 0.0047
9232.5180 0.0039 0.0148
9232.5350 -0.0035 0.0007
9232.5520 -0.0095 -0.0101
9232.5690 0.0132 -0.0003
9232.5860 -0.0015 0.0056
9232.6030 -0.0128 -0.0102
9232.6200 0.0245 -0.0077
9232.6370 0.0067 -0.0019
9232.6540 0.0170 -0.0066
9232.6710 -0.0101 0.0045
9232.6880 -0.0077 -0.0036
9232.7050 0.0144 -0.0070
9232.7220 -0.0037 0.0039
9232.7390 0.0057 -0.0015
9232.7560 -0.0188 0.0076
9232.7730 -0.0029 -0.0038
9232.7900 -0.0007 -0.0020
9232.8070 0.0081 0.0074
9232.8240 0.0179 -0.0071
9232.8410 0.0211 -0.0217
9232.8580 0.0106 0.0074
9232.8750 -0.0004 0.0072
9232.8920 -0.0019 -0.0021
9232.9090 0.0019 0.0039
9232.9260 -0.0036 -0.0204
9232.9430 -0.0001 -0.0023
9232.9600 0.0161 -0.0023
9232.9770 -0.0068 -0.0023
9232.9940 -0.0001 -0.0034
9233.0110 -0.0048 -0.0022
9233.0280 0.0010 0.0085
9233.0450 -0.0033 -0.0170
9233.0620 0.0062 -0.0013
9233.0790 0.0006 -0.0126
9233.0960 -0.0139 -0.0090
9233.1130 -0.0080 -0.0030
9233.1300 0.0123 0.0019
9233.1470 -0.0021 -0.0015
9233.1640 -0.0193 -0.0090
9233.1810 -0.0035 0.0058
9233.1980 0.0181 -0.0130
9233.2150 -0.0059 -0.0103
9233.2320 0.0076 -0.0002
9233.2490 -0.0027 -0.0153
9233.2660 -0.0051 -0.0118
9233.2830 0.0033 0.0087
9233.3000 0.0082 -0.0011
9233.3170 -0.0035 -0.0081
9233.3340 -0.0040 0.0156
9233.3510 0.0005 -0.0033
9233.3680 0.0114 0.0177
9233.3850 0.0039 0.0131
9233.4020 -0.0023 0.0052
9233.4190 0.0081 -0.0018
9233.4360 0.0044 0.0201
9233.4530 0.0039 0.0173
9233.4700 -0.0144 0.0045
9233.4870 0.0101 -0.0021
9233.5040 -0.0151 -0.0102
9233.5210 -0.0097 -0.0023
9233.5380 0.0014 -0.0097
9233.5550 0.0033 -0.0024
9233.5720 0.0147 -0.0104
9233.5890 0.0001 -0.0026
9233.6060 -0.0031 0.0051
9233.6230 0.0065 0.0054
9233.6400 0.0107 -0.0071
9233.6570 0.0045 0.0066
9233.6740 -0.0012 -0.0153
9233.6910 -0.0093 0.0068
9233.7080 0.0055 0.0030
9233.7250 -0.0131 0.0066
9233.7420 0.0012 -0.0181
9233.7590 -0.0124 0.0084
9233.7760 -0.0151 0.0018
9233.7930 -0.0213 0.0121
9233.8100 0.0152 0.0112
9233.8270 -0.0013 -0.0188
9233.8440 0.0026 -0.0203
9233.8610 -0.0009 0.0127
9233.8780 0.0057 0.0097
9233.8950 -0.0041 0.0021
9233.9120 0.0015 0.0179
9233.9290 -0.0037 -0.0077
9233.9460 0.0116 0.0149
9233.9630 0.0103 0.0193
9233.9800 -0.0129 0.0097
9233.9970 -0.0162 0.0025
9234.0140 0.0011 0.0106
9234.0310 -0.0154 0.0109
9234.0480 -0.0065 -0.0138
9234.0650 -0.0013 -0.0166
9234.0820 -0.0035 0.0009
9234.0990 0.0138 0.0151
9234.1160 0.0149 0.0170
9234.1330 0.0122 0.0082
9234.1500 -0.0061 0.0065
9234.1670 -0.0092 -0.0039
9234.1840 0.0129 -0.0062
9234.2010 0.0102 0.0099
9234.2180 -0.0086 0.0034
9234.2350 -0.0070 -0.0007
9234.2520 -0.0007 -0.0022
9234.2690 0.0051 0.0098
9234.2860 -0.0071 -0.0006
9234.3030 0.0208 0.0051
9234.3200 0.0036 -0.0107
9234.3370 0.0053 -0.0062
9234.3540 0.0117 -0.0008
9234.3710 -0.0036 -0.0051
9234.3880 0.0233 -0.0005
9234.4050 -0.0082 -0.0111
9234.4220 0.0158 -0.0044
9234.4390 -0.0037 -0.0008
9234.4560 0.0096 0.0126
9234.4730 0.0115 -0.0041
9234.4900 -0.0151 -0.0010
9234.5070 -0.0054 -0.0070
9234.5240 -0.0128 -0.0038
9234.5410 -0.0035 -0.0008
9234.5580 0.0065 0.0047
9234.5750 0.0038 0.0198
9234.5920 -0.0087 -0.0125
9234.6090 -0.0035 0.0022
9234.6260 -0.0077 0.0038
9234.6430 0.0182 0.0083
9234.6600 -0.0144 -0.0060
9234.6770 -0.0007 0.0101
9234.6940 -0.0041 -0.0257
9234.7110 -0.0031 -0.0097
9234.7280 0.0026 0.0054
9234.7450 0.0013 -0.0071
9234.7620 -0.0085 -0.0143
9234.7790 -0.0227 -0.0072
9234.7960 -0.0295 -0.0060
9234.8130 0.0225 -0.0043
9234.8300 -0.0178 -0.0064
9234.8470 -0.0052 -0.0025
9234.8640 -0.0006 0.0064
9234.8810 -0.0016 0.0012
9234.8980 0.0076 0.0086
9234.9150 -0.0027 0.0062
9234.9320 -0.0064 0.0108
9234.9490 -0.0111 0.0130
9234.9660 0.0092 0.0025
9234.9830 0.0139 0.0014
9235.0000 0.0151 -0.0108
9235.0170 0.0071 -0.0090
9235.0340 -0.0023 -0.0103
9235.0510 -0.0055 -0.0028
9235.0680 -0.0009 0.0058
9235.0850 0.0131 -0.0033
9235.1020 0.0116 0.0024
9235.1190 -0.0001 0.0112
9235.1360 0.0108 0.0161
9235.1530 -0.0085 -0.0258
9235.1700 -0.0020 -0.0117
9235.1870 0.0052 0.0196
9235.2040 -0.0022 0.0023
9235.2210 -0.0052 0.0103
9235.2380 0.0138 0.0074
9235.2550 0.0214 -0.0021
9235.2720 -0.0048 0.0100
9235.2890 -0.0153 0.0042
9235.3060 -0.0119 0.0100
9235.3230 -0.0073 0.0031
9235.3400 -0.0005 -0.0076
9235.3570 -0.0018 0.0077
9235.3740 0.0115 -0.0041
9235.3910 -0.0141 -0.0012
9235.4080 0.0046 0.0083
9235.4250 -0.0122 -0.0244
9235.4420 0.0029 0.0056
9235.4590 0.0116 -0.0118
9235.4760 0.0192 -0.0126
9235.4930 0.0102 -0.0287
9235.5100 0.0040 0.0037
9235.5270 -0.0160 -0.0042
9235.5440 -0.0004 0.0008
9235.5610 0.0119 -0.0048
9235.5780 0.0162 0.0067
9235.5950 -0.0010 -0.0011
9235.6120 -0.0074 0.0109
9235.6290 0.0095 0.0064
9235.6460 -0.0055 0.0051
9235.6630 0.0093 -0.0077
9235.6800 -0.0094 -0.0029
9235.6970 -0.0020 0.0133
9235.7140 -0.0184 0.0065
9235.7310 0.0133 0.0090
9235.7480 0.0006 -0.0190
9235.7650 0.0095 -0.0089
9235.7820 0.0217 0.0032
9235.7990 0.0070 -0.0030
9235.8160 -0.0065 -0.0097
9235.8330 0.0082 -0.0015
9235.8500 0.0054 -0.0002
9235.8670 -0.0104 -0.0242
9235.8840 0.0127 -0.0011
9235.9010 0.0136 -0.0190
9235.9180 -0.0019 -0.0201
9235.9350 -0.0097 -0.0116
9235.9520 0.0062 -0.0014
9235.9690 0.0078 0.0029
9235.9860 0.0050 0.0032
9236.0030 -0.0045 0.0067
9236.0200 0.0094 0.0149
9236.0370 -0.0043 -0.0060
9236.0540 0.0095 -0.0105
9236.0710 -0.0037 0.0020
9236.0880 -0.0148 -0.0043
9236.1050 0.0136 0.0190
9236.1220 0.0268 0.0020
9236.1390 0.0062 0.0221
9236.1560 -0.0055 -0.0072
9236.1730 0.0164 0.0049
9236.1900 -0.0206 0.0003
9236.2070 0.0155 0.0067
9236.2240 0.0034 -0.0144
9236.2410 -0.0178 -0.0067
9236.2580 -0.0073 0.0170
9236.2750 0.0042 0.0013
9236.2920 -0.0022 -0.0144
9236.3090 -0.0021 -0.0066
9236.3260 -0.0099 0.0008
9236.3430 0.0207 -0.0004
9236.3600 -0.0037 -0.0166
9236.3770 -0.0012 -0.0142
9236.3940 -0.0031 0.0153
9236.4110 0.0025 -0.0064
9236.4280 -0.0190 0.0047
9236.4450 -0.0074 -0.0027
9236.4620 0.0015 -0.0026
9236.4790 -0.0059 -0.0002
9236.4960 0.0136 0.0067
9236.5130 -0.0071 -0.0109
9236.5300 0.0243 -0.0084
9236.5470 0.0066 0.0084
9236.5640 -0.0053 -0.0020
9236.5810 0.0033 0.0230
9236.5980 -0.0019 0.0088
9236.6150 -0.0087 0.0163
9236.6320 0.0251 -0.0067
9236.6490 0.0065 -0.0052
9236.6660 -0.0097 -0.0015
9236.6830 -0.0031 0.0103
9236.7000 -0.0204 0.0059
9236.7170 0.0067 0.0086
9236.7340 -0.0027 0.0034
9236.7510 0.0030 -0.0010
9236.7680 -0.0104 -0.0055
9236.7850 -0.0044 0.0035
9236.8020 -0.0057 -0.0036
9236.8190 -0.0088 0.0199
9236.8360 -0.0104 0.0007
9236.8530 -0.0002 -0.0079
9236.8700 0.0051 -0.0022
9236.8870 -0.0109 -0.0031
9236.9040 -0.0004 0.0130
9236.9210 -0.0163 0.0018
9236.9380 0.0003 -0.0087
9236.9550 -0.0177 0.0042
9236.9720 -0.0020 -0.0013
9236.9890 0.0069 -0.0127
9237.0060 -0.0133 0.0023
9237.0230 0.0048 -0.0116
9237.0400 -0.0037 0.0103
9237.0570 -0.0006 -0.0071
9237.0740 0.0054 -0.0023
9237.0910 0.0220 -0.0090
9237.1080 -0.0015 0.0062
9237.1250 -0.0068 0.0025
9237.1420 0.0044 -0.0025
9237.1590 -0.0074 0.0171
9237.1760 -0.0021 0.0036
9237.1930 0.0062 -0.0024
9237.2100 -0.0022 0.0038
9237.2270 0.0068 0.0176
9237.2440 0.0142 -0.0117
9237.2610 -0.0079 -0.0006
9237.2780 0.0035 -0.0029
9237.2950 -0.0016 -0.0202
9237.3120 -0.0164 -0.0112
9237.3290 -0.0086 0.0061
9237.3460 -0.0129 0.0033
9237.3630 -0.0021 0.0074
9237.3800 -0.0028 0.0026
9237.3970 0.0087 -0.0031
9237.4140 0.0093 0.0092
9237.4310 0.0027 0.0221
9237.4480 -0.0216 -0.0021
9237.4650 -0.0175 -0.0030
9237.4820 0.0265 0.0031
9237.4990 0.0117 -0.0006
9237.5160 -0.0137 -0.0050
9237.5330 -0.0079 -0.0111
9237.5500 0.0044 0.0058
9237.5670 -0.0035 0.0155
9237.5840 0.0041 -0.0302
9237.6010 0.0085 0.0014
9237.6180 -0.0082 -0.0090
9237.6350 -0.0060 -0.0050
9237.6520 -0.0088 -0.0028
9237.6690 0.0074 -0.0041
9237.6860 -0.0060 0.0159
9237.7030 -0.0034 0.0021
9237.7200 -0.0013 -0.0100
9237.7370 0.0030 0.0035
9237.7540 0.0023 0.0126
9237.7710 -0.0030 0.0338
9237.7880 -0.0081 -0.0044
9237.8050 -0.0029 0.0061
9237.8220 0.0215 0.0014
9237.8390 0.0232 -0.0043
9237.8560 0.0042 0.0098
9237.8730 -0.0021 0.0093
9237.8900 0.0078 0.0240
9237.9070 0.0128 0.0075
9237.9240 -0.0056 -0.0080
9237.9410 0.0125 0.0050
9237.9580 -0.0034 -0.0124
9237.9750 0.0094 -0.0002
9237.9920 -0.0156 -0.0026
9238.0090 0.0028 0.0148
9238.0260 0.0140 -0.0065
9238.0430 0.0101 0.0034
9238.0600 -0.0055 0.0069
9238.0770 -0.0155 -0.0163
9238.0940 0.0061 -0.0177
9238.1110 0.0133 -0.0091
9238.1280 -0.0169 0.0028
9238.1450 -0.0001 -0.0013
9238.1620 0.0207 0.0048
9238.1790 0.0044 0.0019
9238.1960 -0.0073 0.0157
9238.2130 -0.0017 -0.0009
9238.2300 0.0034 -0.0027
9238.2470 -0.0043 0.0235
9238.2640 0.0058 0.0142
9238.2810 -0.0073 0.0029
9238.2980 0.0079 -0.0145
9238.3150 0.0102 -0.0018
9238.3320 0.0011 -0.0046
9238.3490 0.0085 -0.0090
9238.3660 -0.0140 -0.0076
9238.3830 -0.0037 -0.0041
9238.4000 0.0051 -0.0134
9238.4170 0.0055 -0.0099
9238.4340 0.0067 -0.0047
9238.4510 -0.0163 -0.0023
9238.4680 0.0004 0.0038
9238.4850 0.0019 0.0217
9238.5020 0.0098 -0.0071
9238.5190 0.0092 -0.0121
9238.5360 -0.0090 0.0028
9238.5530 0.0064 0.0285
9238.5700 0.0023 0.0020
9238.5870 0.0151 0.0086
9238.6040 -0.0105 0.0069
9238.6210 0.0046 -0.0059
9238.6380 0.0047 0.0016
9238.6550 -0.0083 0.0105
9238.6720 0.0114 -0.0069
9238.6890 -0.0104 -0.0081
9238.7060 -0.0128 0.0206
9238.7230 -0.0107 -0.0098
9238.7400 -0.0030 0.0103
9238.7570 0.0017 -0.0103
9238.7740 -0.0026 -0.0039
9238.7910 -0.0108 -0.0162
9238.8080 -0.0081 0.0097
9238.8250 -0.0004 0.0173
9238.8420 -0.0022 0.0206
9238.8590 0.0003 0.0084
9238.8760 -0.0124 0.0066
9238.8930 -0.0086 0.0062
9238.9100 0.0025 -0.0002
9238.9270 -0.0021 0.0080
9238.9440 -0.0063 0.0013
9238.9610 -0.0017 -0.0026
9238.9780 -0.0056 0.0189
9238.9950 0.0242 0.0219
9239.0120 -0.0014 -0.0054
9239.0290 -0.0064 -0.0150
9239.0460 -0.0007 -0.0106
9239.0630 -0.0062 -0.0144
9239.0800 0.0073 -0.0073
9239.0970 -0.0018 0.0037
9239.1140 0.0136 0.0026
9239.1310 0.0005 -0.0007
9239.1480 -0.0178 -0.0000
9239.1650 0.0099 0.0024
9239.1820 0.0032 0.0077
9239.1990 0.0005 -0.0034
9239.2160 0.0100 0.0007
9239.2330 0.0071 -0.0145
9239.2500 -0.0046 -0.0052
9239.2670 -0.0068 -0.0103
9239.2840 0.0034 -0.0152
9239.3010 0.0048 0.0075
9239.3180 0.0055 0.0033
9239.3350 0.0038 -0.0058
9239.3520 0.0149 -0.0182
9239.3690 0.0041 0.0065
9239.3860 -0.0180 -0.0091
9239.4030 0.0132 0.0043
9239.4200 0.0145 -0.0041
9239.4370 -0.0145 -0.0100
9239.4540 0.0006 0.0005
9239.4710 -0.0086 -0.0054
9239.4880 -0.0133 -0.0067
9239.5050 -0.0077 0.0196
9239.5220 0.0153 -0.0086
9239.5390 -0.0091 -0.0007
9239.5560 0.0023 0.0075
9239.5730 -0.0027 0.0010
9239.5900 0.0114 0.0069
9239.6070 0.0090 -0.0017
9239.6240 -0.0130 0.0204
9239.6410 0.0017 0.0069
9239.6580 -0.0077 0.0054
9239.6750 0.0030 -0.0023
9239.6920 -0.0101 0.0043
9239.7090 -0.0157 0.0039
9239.7260 -0.0023 0.0158
9239.7430 -0.0020 -0.0172
9239.7600 -0.0106 -0.0123
9239.7770 -0.0102 0.0055
9239.7940 0.0048 0.0058
9239.8110 0.0077 0.0010
9239.8280 -0.0007 0.0103
9239.8450 0.0098 0.0060
9239.8620 0.0012 0.0098
9239.8790 0.0020 -0.0126
9239.8960 -0.0260 0.0138
9239.9130 0.0130 -0.0003
9239.9300 -0.0194 -0.0001
9239.9470 0.0047 -0.0081
9239.9640 -0.0150 -0.0104
9239.9810 -0.0048 0.0050
9239.9980 0.0010 0.0015
9240.0150 -0.0118 -0.0007
9240.0320 -0.0043 0.0038
9240.0490 -0.0117 0.0001
9240.0660 -0.0015 -0.0040
9240.0830 0.0050 0.0171
9240.1000 0.0153 0.0160
9240.1170 0.0058 0.0108
9240.1340 -0.0094 -0.0040
9240.1510 0.0043 0.0080
9240.1680 0.0035 -0.0133
9240.1850 0.0189 -0.0003
9240.2020 -0.0007 0.0054
9240.2190 -0.0204 -0.0021
9240.2360 0.0176 0.0116
9240.2530 -0.0189 0.0022
9240.2700 -0.0058 0.0025
9240.2870 -0.0084 -0.0119
9240.3040 -0.0114 0.0080
9240.3210 0.0084 0.0044
9240.3380 -0.0204 0.0146
9240.3550 0.0035 0.0001
9240.3720 -0.0097 -0.0047
9240.3890 -0.0136 0.0024
9240.4060 0.0115 -0.0039
9240.4230 0.0022 -0.0062
9240.4400 -0.0245 0.0094
9240.4570 0.0063 -0.0004
9240.4740 -0.0039 0.0044
9240.4910 0.0018 0.0082
9240.5080 0.0071 -0.0028
9240.5250 0.0127 0.0244
9240.5420 0.0031 0.0042
9240.5590 0.0005 0.0038
9240.5760 -0.0063 -0.0059
9240.5930 0.0181 -0.0083
9240.6100 -0.0143 0.0158
9240.6270 -0.0072 -0.0040
9240.6440 0.0144 -0.0030
9240.6610 0.0094 0.0114
9240.6780 0.0005 0.0077
9240.6950 -0.0176 0.0163
9240.7120 -0.0137 0.0059
9240.7290 0.0160 -0.0082
9240.7460 0.0011 0.0111
9240.7630 -0.0139 0.0024
9240.7800 0.0079 0.0071
9240.7970 0.0084 0.0066
9240.8140 -0.0102 0.0052
9240.8310 -0.0095 -0.0131
9240.8480 0.0206 -0.0076
9240.8650 0.0191 0.0045
9240.8820 0.0024 -0.0024
9240.8990 0.0271 -0.0125
9240.9160 0.0027 -0.0235
9240.9330 -0.0247 0.0013
9240.9500 0.0050 0.0061
9240.9670 0.0107 -0.0090
9240.9840 0.0138 -0.0094
9241.0010 -0.0272 0.0080
9241.0180 -0.0066 0.0011
9241.0350 0.0015 0.0044
9241.0520 -0.0077 0.0041
9241.0690 -0.0075 0.0019
9241.0860 0.0013 0.0083
9241.1030 0.0102 0.0117
9241.1200 -0.0015 -0.0140
9241.1370 -0.0081 0.0180
9241.1540 -0.0023 0.0112
9241.1710 -0.0017 0.0003
9241.1880 0.0111 0.0017
9241.2050 -0.0140 -0.0056
9241.2220 0.0114 -0.0068
9241.2390 -0.0059 0.0086
9241.2560 -0.0162 0.0067
9241.2730 -0.0164 0.0061
9241.2900 0.0164 -0.0177
9241.3070 -0.0047 0.0042
9241.3240 -0.0210 -0.0144
9241.3410 -0.0032 0.0046
9241.3580 -0.0101 0.0029
9241.3750 0.0093 0.0049
9241.3920 -0.0126 0.0045
9241.4090 0.0038 -0.0149
9241.4260 -0.0080 -0.0068
9241.4430 0.0112 -0.0105
9241.4600 0.0228 -0.0123
9241.4770 0.0027 0.0015
9241.4940 0.0096 -0.0108
9241.5110 0.0081 -0.0247
9241.5280 0.0011 -0.0018
9241.5450 -0.0093 0.0009
9241.5620 0.0102 0.0181
9241.5790 -0.0053 0.0154
9241.5960 -0.0111 0.0106
9241.6130 0.0112 0.0011
9241.6300 -0.0015 -0.0154
9241.6470 -0.0088 0.0001
9241.6640 0.0090 0.0088
9241.6810 -0.0014 0.0093
9241.6980 0.0089 -0.0079
9241.7150 -0.0016 0.0041
9241.7320 -0.0240 -0.0084
9241.7490 0.0186 -0.0001
9241.7660 0.0074 -0.0078
9241.7830 0.0050 0.0178
9241.8000 0.0038 0.0181
9241.8170 0.0165 -0.0026
9241.8340 -0.0048 -0.0000
9241.8510 -0.0074 0.0157
9241.8680 0.0018 -0.0018
9241.8850 -0.0055 0.0106
9241.9020 0.0120 0.0200
9241.9190 0.0048 0.0010
9241.9360 -0.0142 -0.0097
9241.9530 0.0041 -0.0133
9241.9700 0.0075 0.0032
9241.9870 0.0224 -0.0081
9242.0040 -0.0041 -0.0093
9242.0210 -0.0158 0.0040
9242.0380 0.0208 -0.0115
9242.0550 -0.0114 0.0050
9242.0720 -0.0065 -0.0133
9242.0890 0.0096 -0.0065
9242.1060 -0.0038 0.0068
9242.1230 -0.0289 -0.0068
9242.1400 -0.0036 0.0013
9242.1570 -0.0183 -0.0033
9242.1740 -0.0036 0.0013
9242.1910 -0.0049 0.0068
9242.2080 0.0000 -0.0156
9242.2250 0.0009 -0.0012
9242.2420 0.0141 0.0007
9242.2590 0.0018 0.0154
9242.2760 0.0019 0.0048
9242.2930 -0.0121 0.0164
9242.3100 0.0003 -0.0033
9242.3270 -0.0085 -0.0123
9242.3440 0.0060 0.0049
9242.3610 0.0104 0.0049
9242.3780 -0.0021 -0.0127
9242.3950 0.0037 0.0073
9242.4120 0.0035 -0.0042
9242.4290 -0.0078 -0.0280
9242.4460 0.0172 -0.0100
9242.4630 0.0031 0.0018
9242.4800 0.0032 0.0109
9242.4970 0.0003 0.0013
9242.5140 -0.0006 0.0001
9242.5310 -0.0046 0.0170
9242.5480 0.0112 0.0051
9242.5650 -0.0017 0.0164
9242.5820 0.0123 0.0025
9242.5990 0.0094 0.0035
9242.6160 -0.0224 0.0017
9242.6330 0.0082 0.0096
9242.6500 0.0099 0.0129
9242.6670 0.0003 -0.0154
9242.6840 -0.0110 0.0025
9242.7010 -0.0020 0.0012
9242.7180 0.0120 -0.0214
9242.7350 0.0073 0.0081
9242.7520 -0.0193 -0.0029
9242.7690 0.0149 0.0139
9242.7860 -0.0026 0.0008
9242.8030 -0.0036 -0.0025
9242.8200 -0.0178 -0.0083
9242.8370 0.0059 -0.0140
9242.8540 -0.0123 0.0106
9242.8710 0.0120 0.0082
9242.8880 0.0095 0.0035
9242.9050 -0.0218 -0.0021
9242.9220 -0.0118 0.0176
9242.9390 -0.0137 0.0031
9242.9560 -0.0207 -0.0056
9242.9730 -0.0019 -0.0036
9242.9900 -0.0118 0.0146
9243.0070 -0.0090 -0.0086
9243.0240 0.0096 0.0092
9243.0410 0.0129 -0.0045
9243.0580 0.0006 -0.0140
9243.0750 0.0040 -0.0012
9243.0920 0.0152 0.0051
9243.1090 -0.0133 0.0052
9243.1260 -0.0036 -0.0039
9243.1430 0.0153 -0.0158
9243.1600 0.0025 -0.0045
9243.1770 0.0156 0.0109
9243.1940 -0.0052 0.0053
9243.2110 0.0039 -0.0030
9243.2280 -0.0101 0.0002
9243.2450 0.0224 0.0053
9243.2620 -0.0217 0.0069
9243.2790 -0.0076 0.0005
9243.2960 -0.0058 0.0051
9243.3130 -0.0103 -0.0031
9243.3300 0.0006 0.0115
9243.3470 -0.0057 0.0149
9243.3640 -0.0150 -0.0043
9243.3810 0.0004 0.0003
9243.3980 -0.0110 0.0178
9243.4150 0.0009 0.0090
9243.4320 0.0032 0.0149
9243.4490 0.0108 -0.0042
9243.4660 0.0026 -0.0110
9243.4830 0.0141 0.0017
9243.5000 -0.0007 0.0152
9243.5170 -0.0017 0.0118
9243.5340 0.0059 0.0007
9243.5510 0.0094 -0.0036
9243.5680 -0.0007 0.0040
9243.5850 -0.0075 -0.0065
9243.6020 0.0016 0.0104
9243.6190 -0.0080 0.0003
9243.6360 0.0038 -0.0043
9243.6530 -0.0013 0.0037
9243.6700 -0.0167 0.0029
9243.6870 0.0052 0.0127
9243.7040 -0.0071 -0.0060
9243.7210 -0.0027 -0.0102
9243.7380 0.0092 0.0093
9243.7550 -0.0062 -0.0147
9243.7720 -0.0166 0.0050
9243.7890 -0.0074 -0.0027
9243.8060 -0.0025 0.0075
9243.8230 0.0057 0.0015
9243.8400 -0.0024 0.0058
9243.8570 0.0023 -0.0029
9243.8740 -0.0122 -0.0020
9243.8910 -0.0079 0.0003
9243.9080 0.0054 -0.0057
9243.9250 0.0017 0.0059
9243.9420 -0.0013 -0.0102
9243.9590 -0.0138 -0.0136
9243.9760 0.0116 0.0148
9243.9930 0.0199 0.0025
9244.0100 0.0099 0.0090
9244.0270 0.0003 0.0051
9244.0440 0.0122 -0.0113
9244.0610 0.0167 -0.0085
9244.0780 0.0074 0.0087
9244.0950 0.0156 0.0218
9244.1120 -0.0052 -0.0069
9244.1290 0.0056 0.0116
9244.1460 0.0243 0.0183
9244.1630 -0.0239 0.0066
9244.1800 0.0101 -0.0060
9244.1970 0.0038 0.0088
9244.2140 0.0038 -0.0066
9244.2310 -0.0168 0.0063
9244.2480 0.0035 -0.0111
9244.2650 -0.0073 0.0146
9244.2820 -0.0039 -0.0003
9244.2990 0.0187 0.0004
9244.3160 0.0019 0.0051
9244.3330 -0.0074 0.0058
9244.3500 0.0029 -0.0010
9244.3670 0.0064 0.0073
9244.3840 0.0044 -0.0055
9244.4010 -0.0036 -0.0029
9244.4180 -0.0238 -0.0045
9244.4350 0.0017 -0.0011
9244.4520 -0.0053 0.0249
9244.4690 -0.0063 0.0046
9244.4860 -0.0300 -0.0005
9244.5030 0.0056 -0.0053
9244.5200 0.0036 -0.0025
9244.5370 -0.0026 0.0041
9244.5540 0.0032 0.0138
9244.5710 -0.0044 0.0034
9244.5880 -0.0128 -0.0191
9244.6050 0.0011 0.0121
9244.6220 -0.0009 -0.0033
9244.6390 0.0095 -0.0095
9244.6560 -0.0080 0.0066
9244.6730 0.0035 -0.0044
9244.6900 0.0057 0.0160
9244.7070 0.0020 -0.0110
9244.7240 0.0112 0.0043
9244.7410 -0.0111 0.0271
9244.7580 -0.0124 0.0111
9244.7750 0.0132 -0.0019
9244.7920 0.0162 -0.0154
9244.8090 -0.0168 0.0156
9244.8260 -0.0236 0.0001
9244.8430 0.0009 0.0199
9244.8600 0.0069 0.0021
9244.8770 0.0187 0.0173
9244.8940 0.0062 0.0090
9244.9110 0.0148 -0.0003
9244.9280 0.0104 -0.0104
9244.9450 -0.0055 -0.0111
9244.9620 0.0109 -0.0020
9244.9790 0.0027 0.0007
9244.9960 0.0121 -0.0132
9245.0130 0.0147 -0.0101
9245.0300 0.0079 -0.0212
9245.0470 -0.0146 0.0027
9245.0640 -0.0011 0.0075
9245.0810 -0.0034 -0.0108
9245.0980 -0.0018 0.0058
9245.1150 -0.0027 0.0045
9245.1320 0.0067 0.0046
9245.1490 -0.0010 0.0103
9245.1660 0.0131 -0.0066
9245.1830 0.0068 -0.0195
9245.2000 -0.0111 0.0148
9245.2170 -0.0108 -0.0027
9245.2340 -0.0044 -0.0110
9245.2510 0.0147 0.0022
9245.2680 -0.0003 0.0028
9245.2850 0.0119 0.0084
9245.3020 -0.0257 -0.0003
9245.3190 0.0092 0.0125
9245.3360 0.0086 0.0172
9245.3530 0.0175 0.0030
9245.3700 0.0077 -0.0187
9245.3870 0.0080 -0.0018
9245.4040 0.0209 -0.0072
9245.4210 -0.0105 -0.0157
9245.4380 0.0017 0.0054
9245.4550 0.0127 0.0059
9245.4720 -0.0061 -0.0074
9245.4890 0.0048 -0.0172
9245.5060 0.0052 -0.0189
9245.5230 0.0024 0.0123
9245.5400 -0.0099 0.0057
9245.5570 0.0133 0.0030
9245.5740 -0.0008 0.0068
9245.5910 0.0042 -0.0058
9245.6080 -0.0078 0.0126
9245.6250 0.0011 0.0051
9245.6420 -0.0080 0.0092
9245.6590 -0.0014 0.0086
9245.6760 -0.0033 0.0078
9245.6930 -0.0100 0.0029
9245.7100 0.0018 0.0139
9245.7270 -0.0164 0.0001
9245.7440 0.0065 0.0114
9245.7610 0.0124 0.0050
9245.7780 -0.0264 -0.0058
9245.7950 -0.0090 -0.0182
9245.8120 0.0089 -0.0048
9245.8290 -0.0055 0.0071
9245.8460 0.0265 -0.0033
9245.8630 0.0026 -0.0124
9245.8800 0.0030 0.0050
9245.8970 0.0025 -0.0008
9245.9140 -0.0004 0.0104
9245.9310 -0.0119 0.0063
9245.9480 0.0024 -0.0138
9245.9650 -0.0048 0.0042
9245.9820 -0.0070 -0.0070
9245.9990 0.0057 0.0124
9246.0160 -0.0013 -0.0045
9246.0330 0.0032 0.0063
9246.0500 0.0049 -0.0072
9246.0670 -0.0193 -0.0128
9246.0840 -0.0114 0.0235
9246.1010 0.0040 -0.0027
9246.1180 -0.0099 0.0013
9246.1350 0.0026 0.0015
9246.1520 0.0068 -0.0010
9246.1690 -0.0174 -0.0109
9246.1860 -0.0067 0.0118
9246.2030 0.0042 -0.0138
9246.2200 -0.0080 0.0102
9246.2370 -0.0053 -0.0013
9246.2540 -0.0026 0.0034
9246.2710 -0.0061 0.0029
9246.2880 0.0085 -0.0081
9246.3050 0.0005 -0.0034
9246.3220 -0.0014 0.0049
9246.3390 -0.0006 0.0008
9246.3560 -0.0059 -0.0008
9246.3730 0.0140 0.0058
9246.3900 0.0087 -0.0169
9246.4070 0.0061 -0.0038
9246.4240 -0.0238 -0.0130
9246.4410 0.0132 0.0009
9246.4580 0.0032 -0.0165
9246.4750 -0.0057 -0.0053
9246.4920 0.0088 0.0097
9246.5090 -0.0053 -0.0072
9246.5260 0.0030 0.0017
9246.5430 0.0025 -0.0027
9246.5600 0.0188 -0.0080
9246.5770 0.0038 0.0030
9246.5940 0.0081 0.0015
9246.6110 -0.0128 -0.0084
9246.6280 -0.0041 0.0147
9246.6450 -0.0084 0.0038
9246.6620 0.0013 -0.0088
9246.6790 0.0067 -0.0017
9246.6960 -0.0039 -0.0099
9246.7130 -0.0051 -0.0207
9246.7300 -0.0086 -0.0144
9246.7470 0.0028 0.0127
9246.7640 -0.0041 -0.0075
9246.7810 0.0068 0.0010
9246.7980 -0.0058 0.0213
9246.8150 -0.0160 0.0036
