9230.9890 1.1208
9231.0380 1.1204
9231.0880 1.1197
9231.1380 1.1201
9231.1880 1.1202
9231.2390 1.1198
9231.2890 1.1212
9231.3390 1.1210
9231.3880 1.1221
9231.4380 1.1197
9231.4890 1.1205
9231.5370 1.1224
9231.5890 1.1210
9231.6400 1.1197
9231.6890 1.1200
9231.7400 1.1199
9231.7890 1.1204
9231.8390 1.1210
9231.8890 1.1248
9231.9390 1.1208
9231.9890 1.1200
9232.0400 1.1199
9232.0890 1.1212
9232.1400 1.1201
9232.1890 1.1205
9232.2390 1.1222
9232.2890 1.1238
9232.3390 1.1209
9232.3900 1.1242
9232.4400 1.1216
9232.4890 1.1232
9232.5370 1.1202
9232.5860 1.1224
9232.6390 1.1205
9232.6890 1.1204
9232.7380 1.1215
9232.7890 1.1198
9232.8380 1.1205
9232.8900 1.1205
9232.9390 1.1219
9232.9890 1.1212
9233.0390 1.1213
9233.0880 1.1204
9233.1400 1.1205
9233.1890 1.1217
9233.2390 1.1225
9233.2890 1.1198
9233.3390 1.1222
9233.3860 1.1206
9233.4390 1.1235
9233.4890 1.1211
9233.5380 1.1197
9233.5880 1.1221
9233.6380 1.1196
9233.6880 1.1213
9233.7380 1.1197
9233.7890 1.1206
9233.8390 1.1201
9233.8890 1.1214
9233.9380 1.1223
9233.9890 1.1226
9234.0390 1.1201
9234.0880 1.1227
9234.1380 1.1202
9234.1890 1.1207
9234.2380 1.1201
9234.2890 1.1204
9234.3380 1.1205
9234.3890 1.1200
9234.4380 1.1218
9234.4890 1.1219
9234.5380 1.1218
9234.5880 1.1200
9234.6380 1.1202
9234.6890 1.1239
9234.7380 1.1238
9234.7900 1.1199
9234.8390 1.1259
9234.8890 1.1199
9234.9380 1.1198
9234.9880 1.1219
9235.0390 1.1221
9235.0890 1.1203
9235.1380 1.1215
9235.1880 1.1217
9235.2390 1.1196
9235.2890 1.1227
9235.3380 1.1261
9235.3880 1.1196
9235.4380 1.1203
9235.4880 1.1217
9235.5380 1.1223
9235.5890 1.1200
9235.6380 1.1213
9235.6880 1.1208
9235.7380 1.1211
9235.7880 1.1205
9235.8380 1.1201
9235.8880 1.1215
9235.9390 1.1199
9235.9890 1.1210
9236.0390 1.1201
9236.0880 1.1204
9236.1380 1.1204
9236.1890 1.1200
9236.2380 1.1203
9236.2880 1.1209
9236.3390 1.1206
9236.3890 1.1275
9236.4390 1.1256
9236.4880 1.1201
9236.5380 1.1223
9236.5890 1.1202
9236.6390 1.1215
9236.6880 1.1224
9236.7380 1.1197
9236.7880 1.1209
9236.8380 1.1202
9236.8880 1.1239
9236.9380 1.1210
9236.9890 1.1226
9237.0390 1.1199
9237.0890 1.1201
9237.1390 1.1202
9237.1880 1.1219
9237.2380 1.1226
9237.2860 1.1218
9237.3390 1.1207
9237.3890 1.1206
9237.4380 1.1202
9237.4880 1.1209
9237.5380 1.1213
9237.5890 1.1200
9237.6390 1.1208
9237.6880 1.1214
9237.7390 1.1197
9237.7880 1.1201
9237.8380 1.1205
9237.8880 1.1220
9237.9380 1.1196
9237.9860 1.1227
9238.0370 1.1198
9238.0880 1.1249
9238.1390 1.1217
9238.1880 1.1198
9238.2380 1.1222
9238.2890 1.1203
9238.3380 1.1209
9238.3880 1.1198
9238.4380 1.1240
9238.4880 1.1198
9238.5390 1.1220
9238.5890 1.1219
9238.6380 1.1206
9238.6880 1.1196
9238.7380 1.1229
9238.7890 1.1209
9238.8380 1.1201
9238.8880 1.1208
9238.9380 1.1206
9238.9890 1.1199
9239.0380 1.1201
9239.0880 1.1238
9239.1380 1.1205
9239.1890 1.1197
9239.2380 1.1199
9239.2880 1.1214
9239.3380 1.1206
9239.3880 1.1206
9239.4380 1.1211
9239.4880 1.1207
9239.5380 1.1205
9239.5880 1.1212
9239.6380 1.1235
9239.6880 1.1204
9239.7380 1.1223
9239.7880 1.1198
9239.8380 1.1198
9239.8880 1.1199
9239.9390 1.1218
9239.9880 1.1214
9240.0390 1.1205
9240.0880 1.1202
9240.1380 1.1203
9240.1890 1.1197
9240.2380 1.1211
9240.2880 1.1206
9240.3390 1.1224
9240.3880 1.1200
9240.4380 1.1201
9240.4880 1.1213
9240.5380 1.1209
9240.5880 1.1217
9240.6390 1.1243
9240.6880 1.1213
9240.7380 1.1222
9240.7880 1.1201
9240.8390 1.1226
9240.8890 1.1207
9240.9390 1.1223
9240.9880 1.1198
9241.0380 1.1206
9241.0890 1.1201
9241.1380 1.1204
9241.1880 1.1209
9241.2390 1.1234
9241.2880 1.1211
9241.3380 1.1197
9241.3880 1.1204
9241.4390 1.1260
9241.4880 1.1215
9241.5380 1.1224
9241.5880 1.1212
9241.6390 1.1197
9241.6890 1.1223
9241.7380 1.1201
9241.7880 1.1217
9241.8390 1.1204
9241.8880 1.1202
9241.9380 1.1197
9241.9890 1.1240
9242.0390 1.1208
9242.0890 1.1204
9242.1380 1.1197
9242.1880 1.1258
9242.2380 1.1203
9242.2880 1.1202
9242.3380 1.1220
9242.3880 1.1199
9242.4380 1.1216
9242.4890 1.1197
9242.5380 1.1204
9242.5880 1.1198
9242.6380 1.1217
9242.6880 1.1197
9242.7380 1.1213
9242.7880 1.1211
9242.8390 1.1224
9242.8880 1.1249
9242.9390 1.1209
9242.9900 1.1212
9243.0400 1.1219
9243.0890 1.1199
9243.1380 1.1203
9243.1890 1.1199
9243.2380 1.1199
9243.2880 1.1205
9243.3390 1.1199
9243.3890 1.1207
9243.4390 1.1210
9243.4890 1.1204
9243.5380 1.1218
9243.5890 1.1207
9243.6390 1.1216
9243.6880 1.1210
9243.7380 1.1233
9243.7890 1.1217
9243.8380 1.1209
9243.8890 1.1243
9243.9390 1.1222
9243.9890 1.1214
9244.0390 1.1215
9244.0880 1.1199
9244.1380 1.1199
9244.1880 1.1204
9244.2380 1.1199
9244.2880 1.1210
9244.3380 1.1247
9244.3890 1.1202
9244.4380 1.1248
9244.4880 1.1199
9244.5390 1.1206
9244.5880 1.1200
9244.6390 1.1213
9244.6880 1.1220
9244.7390 1.1217
9244.7880 1.1208
9244.8390 1.1205
9244.8890 1.1203
9244.9390 1.1233
9244.9880 1.1197
9245.0390 1.1205
9245.0890 1.1225
9245.1390 1.1198
9245.1880 1.1196
9245.2390 1.1223
9245.2880 1.1202
9245.3380 1.1203
9245.3890 1.1207
9245.4380 1.1207
9245.4880 1.1207
9245.5390 1.1201
9245.5890 1.1207
9245.6390 1.1203
9245.6880 1.1199
9245.7380 1.1210
9245.7880 1.1214
9245.8390 1.1242
9245.8890 1.1202
9245.9380 1.1205
9245.9890 1.1212
9246.0390 1.1201
9246.0880 1.1216
9246.1380 1.1249
9246.1890 1.1200
9246.2380 1.1218
9246.2890 1.1219
9246.3380 1.1204
9246.3900 1.1210
9246.4390 1.1201
9246.4880 1.1200
9246.5380 1.1199
9246.5890 1.1207
9246.6390 1.1211
9246.6880 1.1198
9246.7380 1.1246
9246.7890 1.1203
